950 1900 50
42 68 35 1 70 25 79 59 63 65 6 46 82 28 62 92 96 43 28 37 92 5 3 54 93 83 22 17 19 96 48 27 72 39 70 13 68 100 36 95 4 12 23 34 74 65 42 12 54 69 48 45 63 58 38 60 24 42 30 79 17 36 91 43 89 7 41 43 65 49 47 6 91 30 71 51 7 2 94 49 30 24 85 55 57 41 67 77 32 9 45 40 27 24 38 39 19 83 30 42 34 16 40 59 5 31 78 7 74 87 22 46 25 73 71 30 78 74 98 13 87 91 62 37 56 68 56 75 32 53 51 51 42 25 67 31 8 92 8 38 58 88 54 84 46 10 10 59 22 89 23 47 7 31 14 69 1 92 63 56 11 60 25 38 49 84 96 42 3 51 92 37 75 21 97 22 49 100 69 85 82 35 54 100 19 39 1 89 28 68 29 94 49 84 8 22 11 18 14 15 10 17 36 52 1 50 20 57 99 4 25 9 45 10 90 3 96 86 94 44 24 88 15 4 49 1 59 19 81 97 99 82 90 99 10 58 73 23 39 93 39 80 91 58 59 92 16 89 57 12 3 35 73 56 29 47 63 87 76 34 70 43 45 17 82 99 23 52 22 100 58 77 93 90 76 13 1 11 4 70 62 89 2 90 56 24 3 86 83 86 89 27 18 58 33 33 70 55 22 90 77 30 69 93 26 56 35 50 42 13 46 61 19 54 40 24 80 97 88 30 50 38 67 50 94 96 98 17 87 6 89 83 56 35 15 2 17 72 87 64 14 56 86 54 13 9 33 46 14 57 22 59 47 83 82 45 97 23 30 62 36 51 74 67 45 60 93 40 54 25 55 11 46 50 87 14 75 23 69 19 88 6 59 92 3 26 78 15 15 25 35 75 73 60 34 71 88 98 19 78 74 71 64 69 93 86 3 81 14 28 3 100 28 26 44 25 24 73 62 82 4 33 6 94 26 32 93 43 23 87 65 1 88 61 14 75 71 71 36 34 12 61 97 68 86 51 41 95 96 25 20 26 77 95 59 3 72 67 79 94 52 85 19 65 20 53 1 88 61 27 11 58 71 16 77 28 44 59 65 10 83 87 66 88 78 75 26 28 30 29 24 21 3 63 24 97 38 62 96 26 65 61 3 17 31 27 12 72 12 48 54 21 91 25 89 64 41 52 63 30 1 14 59 79 66 8 78 1 59 40 4 61 58 25 78 9 14 88 2 51 61 29 94 85 6 41 12 5 36 57 73 51 24 86 57 17 27 58 27 58 38 72 70 62 97 23 18 13 18 97 86 42 24 30 30 66 60 33 97 56 54 63 85 35 55 73 58 70 33 64 8 84 12 36 68 49 76 39 24 43 55 12 42 76 60 26 22 71 27 35 6 84 51 99 80 2 94 35 38 35 57 94 77 6 63 49 82 1 14 42 56 56 43 63 12 78 25 79 53 44 97 74 41 14 76 73 19 11 18 33 13 96 70 32 41 89 86 91 98 90 91 46 54 15 52 41 45 59 36 60 93 6 65 82 4 30 76 9 93 98 50 57 62 28 68 42 30 41 14 75 2 78 16 84 14 93 25 2 93 60 71 29 28 85 76 87 99 71 88 48 5 4 22 64 7 64 11 72 90 41 65 43 20 14 92 5 19 33 51 6 76 40 4 23 99 48 85 49 72 65 14 76 46 13 47 79 70 63 20 86 90 45 66 41 46 9 19 71 2 24 33 73 53 88 71 64 2 4 24 28 1 70 16 66 29 44 48 89 44 38 10 64 50 82 89 43 9 61 22 59 55 89 47 91 50 44 31 21 49 68 37 84 36 27 86 39 54 30 25 49 24 60 58 67 45 56 19 27 12 26 56 2 50 97 85 16 65 43 76 14 43 97 49 73 27 7 74 30 5 6 27 13 76 94 66 37 37 42 15 95 57 53 37 39 83 56 16 32 31 42 26 12 38 87 91 51 63 35 94 54 17 53 9 63 34 55 4 35 4 57 49 25 18 14 10 29 1 81 19 59 51 56 62 65 4 77 44 10 3 62 90 49 83 54 75 21 3 24 32 70 79 60 9 20 72 4 46 82 5 93 86 14 99 90 23 39 38 11 62 35 9 62 60 94 16 70 38 70 59 1 72 65 18 16 56 16 31 40 13 89 
1 2 533
2 3 55
3 4 886
4 5 761
5 6 735
6 7 75
7 8 781
8 9 366
9 10 302
10 11 842
11 12 66
12 13 730
13 14 11
14 15 249
15 16 274
16 17 789
17 18 228
18 19 83
19 20 507
20 21 190
21 22 464
22 23 509
23 24 592
24 25 591
25 26 774
26 27 464
27 28 29
28 29 485
29 30 79
30 31 551
31 32 322
32 33 936
33 34 125
34 35 122
35 36 884
36 37 68
37 38 504
38 39 46
39 40 819
40 41 876
41 42 177
42 43 430
43 44 151
44 45 699
45 46 460
46 47 894
47 48 887
48 49 631
49 50 617
50 51 850
51 52 68
52 53 579
53 54 80
54 55 265
55 56 922
56 57 806
57 58 277
58 59 167
59 60 867
60 61 177
61 62 167
62 63 588
63 64 132
64 65 15
65 66 391
66 67 937
67 68 322
68 69 263
69 70 472
70 71 365
71 72 810
72 73 466
73 74 803
74 75 424
75 76 25
76 77 192
77 78 446
78 79 413
79 80 874
80 81 932
81 82 57
82 83 869
83 84 769
84 85 853
85 86 558
86 87 558
87 88 682
88 89 63
89 90 237
90 91 31
91 92 365
92 93 210
93 94 285
94 95 757
95 96 891
96 97 394
97 98 547
98 99 653
99 100 105
100 101 646
101 102 459
102 103 249
103 104 842
104 105 413
105 106 382
106 107 665
107 108 290
108 109 359
109 110 23
110 111 255
111 112 346
112 113 103
113 114 570
114 115 830
115 116 189
116 117 774
117 118 369
118 119 417
119 120 560
120 121 199
121 122 937
122 123 297
123 124 813
124 125 34
125 126 759
126 127 623
127 128 197
128 129 343
129 130 688
130 131 126
131 132 198
132 133 9
133 134 903
134 135 408
135 136 299
136 137 281
137 138 793
138 139 351
139 140 629
140 141 850
141 142 303
142 143 499
143 144 583
144 145 541
145 146 766
146 147 776
147 148 213
148 149 68
149 150 487
150 151 348
151 152 69
152 153 898
153 154 179
154 155 552
155 156 217
156 157 481
157 158 650
158 159 776
159 160 659
160 161 230
161 162 771
162 163 491
163 164 111
164 165 898
165 166 463
166 167 706
167 168 726
168 169 793
169 170 512
170 171 405
171 172 249
172 173 347
173 174 165
174 175 347
175 176 289
176 177 570
177 178 89
178 179 114
179 180 826
180 181 766
181 182 122
182 183 476
183 184 416
184 185 579
185 186 885
186 187 221
187 188 906
188 189 915
189 190 558
190 191 463
191 192 862
192 193 125
193 194 200
194 195 370
195 196 331
196 197 574
197 198 801
198 199 84
199 200 126
200 201 461
201 202 738
202 203 187
203 204 288
204 205 329
205 206 44
206 207 37
207 208 315
208 209 615
209 210 242
210 211 950
211 212 136
212 213 606
213 214 38
214 215 505
215 216 188
216 217 724
217 218 165
218 219 471
219 220 909
220 221 169
221 222 282
222 223 436
223 224 603
224 225 324
225 226 153
226 227 595
227 228 377
228 229 77
229 230 847
230 231 923
231 232 550
232 233 391
233 234 675
234 235 770
235 236 944
236 237 312
237 238 42
238 239 340
239 240 820
240 241 816
241 242 6
242 243 936
243 244 67
244 245 101
245 246 666
246 247 710
247 248 615
248 249 617
249 250 744
250 251 875
251 252 210
252 253 851
253 254 696
254 255 74
255 256 390
256 257 812
257 258 773
258 259 869
259 260 759
260 261 382
261 262 619
262 263 427
263 264 11
264 265 923
265 266 375
266 267 230
267 268 511
268 269 753
269 270 383
270 271 692
271 272 296
272 273 65
273 274 875
274 275 415
275 276 653
276 277 706
277 278 661
278 279 475
279 280 323
280 281 222
281 282 473
282 283 848
283 284 678
284 285 290
285 286 906
286 287 746
287 288 45
288 289 351
289 290 194
290 291 755
291 292 582
292 293 63
293 294 273
294 295 640
295 296 129
296 297 213
297 298 263
298 299 268
299 300 659
300 301 616
301 302 9
302 303 124
303 304 360
304 305 785
305 306 455
306 307 37
307 308 520
308 309 9
309 310 246
310 311 207
311 312 567
312 313 651
313 314 918
314 315 593
315 316 888
316 317 33
317 318 157
318 319 575
319 320 598
320 321 272
321 322 234
322 323 573
323 324 832
324 325 477
325 326 84
326 327 349
327 328 374
328 329 883
329 330 169
330 331 527
331 332 671
332 333 712
333 334 833
334 335 107
335 336 491
336 337 376
337 338 525
338 339 787
339 340 678
340 341 770
341 342 244
342 343 885
343 344 478
344 345 819
345 346 669
346 347 142
347 348 847
348 349 184
349 350 679
350 351 128
351 352 927
352 353 672
353 354 248
354 355 513
355 356 654
356 357 578
357 358 9
358 359 796
359 360 9
360 361 536
361 362 789
362 363 488
363 364 794
364 365 414
365 366 652
366 367 301
367 368 429
368 369 212
369 370 851
370 371 600
371 372 743
372 373 505
373 374 670
374 375 682
375 376 866
376 377 318
377 378 614
378 379 794
379 380 585
380 381 773
381 382 73
382 383 31
383 384 202
384 385 893
385 386 428
386 387 578
387 388 121
388 389 703
389 390 115
390 391 432
391 392 441
392 393 274
393 394 338
394 395 424
395 396 830
396 397 446
397 398 220
398 399 428
399 400 643
400 401 911
401 402 633
402 403 609
403 404 327
404 405 938
405 406 721
406 407 229
407 408 902
408 409 359
409 410 564
410 411 361
411 412 134
412 413 387
413 414 843
414 415 61
415 416 673
416 417 479
417 418 385
418 419 142
419 420 769
420 421 654
421 422 618
422 423 166
423 424 489
424 425 932
425 426 708
426 427 901
427 428 115
428 429 549
429 430 909
430 431 762
431 432 414
432 433 457
433 434 858
434 435 329
435 436 490
436 437 436
437 438 666
438 439 726
439 440 937
440 441 437
441 442 234
442 443 761
443 444 31
444 445 399
445 446 379
446 447 43
447 448 84
448 449 91
449 450 117
450 451 786
451 452 811
452 453 200
453 454 438
454 455 43
455 456 633
456 457 679
457 458 853
458 459 920
459 460 845
460 461 895
461 462 909
462 463 703
463 464 248
464 465 333
465 466 36
466 467 559
467 468 415
468 469 648
469 470 444
470 471 100
471 472 166
472 473 242
473 474 190
474 475 901
475 476 813
476 477 249
477 478 24
478 479 852
479 480 725
480 481 134
481 482 442
482 483 601
483 484 855
484 485 491
485 486 48
486 487 170
487 488 681
488 489 729
489 490 582
490 491 245
491 492 491
492 493 188
493 494 900
494 495 676
495 496 884
496 497 789
497 498 843
498 499 494
499 500 703
500 501 312
501 502 611
502 503 635
503 504 891
504 505 148
505 506 886
506 507 480
507 508 191
508 509 756
509 510 292
510 511 93
511 512 861
512 513 250
513 514 679
514 515 380
515 516 572
516 517 728
517 518 74
518 519 244
519 520 671
520 521 598
521 522 527
522 523 877
523 524 791
524 525 883
525 526 279
526 527 710
527 528 469
528 529 840
529 530 160
530 531 600
531 532 575
532 533 523
533 534 881
534 535 409
535 536 418
536 537 709
537 538 778
538 539 454
539 540 171
540 541 308
541 542 897
542 543 675
543 544 423
544 545 262
545 546 20
546 547 262
547 548 607
548 549 541
549 550 764
550 551 534
551 552 417
552 553 933
553 554 753
554 555 842
555 556 205
556 557 164
557 558 13
558 559 897
559 560 261
560 561 666
561 562 455
562 563 700
563 564 187
564 565 881
565 566 649
566 567 433
567 568 138
568 569 285
569 570 591
570 571 668
571 572 857
572 573 121
573 574 242
574 575 833
575 576 550
576 577 674
577 578 409
578 579 706
579 580 172
580 581 946
581 582 647
582 583 417
583 584 479
584 585 679
585 586 280
586 587 359
587 588 28
588 589 401
589 590 708
590 591 930
591 592 332
592 593 146
593 594 779
594 595 927
595 596 204
596 597 950
597 598 385
598 599 366
599 600 244
600 601 309
601 602 473
602 603 794
603 604 480
604 605 865
605 606 669
606 607 306
607 608 742
608 609 274
609 610 373
610 611 99
611 612 902
612 613 537
613 614 245
614 615 297
615 616 228
616 617 868
617 618 380
618 619 467
619 620 175
620 621 592
621 622 270
622 623 113
623 624 547
624 625 294
625 626 542
626 627 316
627 628 350
628 629 258
629 630 691
630 631 403
631 632 237
632 633 2
633 634 938
634 635 827
635 636 613
636 637 806
637 638 384
638 639 795
639 640 731
640 641 898
641 642 216
642 643 466
643 644 614
644 645 712
645 646 229
646 647 179
647 648 729
648 649 841
649 650 812
650 651 598
651 652 546
652 653 171
653 654 526
654 655 190
655 656 51
656 657 450
657 658 484
658 659 566
659 660 365
660 661 183
661 662 408
662 663 833
663 664 347
664 665 218
665 666 23
666 667 133
667 668 461
668 669 542
669 670 582
670 671 288
671 672 56
672 673 780
673 674 622
674 675 839
675 676 2
676 677 448
677 678 459
678 679 147
679 680 427
680 681 110
681 682 740
682 683 23
683 684 117
684 685 887
685 686 606
686 687 129
687 688 165
688 689 111
689 690 754
690 691 378
691 692 949
692 693 154
693 694 412
694 695 582
695 696 583
696 697 106
697 698 898
698 699 257
699 700 203
700 701 622
701 702 197
702 703 632
703 704 372
704 705 706
705 706 748
706 707 525
707 708 269
708 709 586
709 710 927
710 711 825
711 712 410
712 713 299
713 714 675
714 715 704
715 716 273
716 717 186
717 718 694
718 719 389
719 720 554
720 721 883
721 722 948
722 723 181
723 724 927
724 725 29
725 726 751
726 727 552
727 728 262
728 729 900
729 730 906
730 731 714
731 732 17
732 733 124
733 734 212
734 735 446
735 736 774
736 737 725
737 738 601
738 739 604
739 740 232
740 741 488
741 742 800
742 743 61
743 744 594
744 745 366
745 746 523
746 747 630
747 748 482
748 749 213
749 750 177
750 751 582
751 752 648
752 753 291
753 754 522
754 755 256
755 756 73
756 757 583
757 758 190
758 759 771
759 760 366
760 761 232
761 762 159
762 763 844
763 764 107
764 765 929
765 766 799
766 767 307
767 768 572
768 769 117
769 770 547
770 771 548
771 772 621
772 773 895
773 774 330
774 775 539
775 776 660
776 777 885
777 778 570
778 779 479
779 780 718
780 781 216
781 782 477
782 783 835
783 784 619
784 785 807
785 786 279
786 787 698
787 788 569
788 789 641
789 790 950
790 791 386
791 792 237
792 793 200
793 794 71
794 795 761
795 796 222
796 797 614
797 798 816
798 799 386
799 800 319
800 801 731
801 802 382
802 803 618
803 804 788
804 805 145
805 806 387
806 807 258
807 808 561
808 809 728
809 810 525
810 811 782
811 812 503
812 813 822
813 814 769
814 815 894
815 816 886
816 817 338
817 818 912
818 819 505
819 820 328
820 821 407
821 822 169
822 823 523
823 824 414
824 825 251
825 826 543
826 827 438
827 828 589
828 829 489
829 830 706
830 831 940
831 832 298
832 833 332
833 834 744
834 835 435
835 836 538
836 837 312
837 838 544
838 839 618
839 840 2
840 841 383
841 842 948
842 843 466
843 844 304
844 845 255
845 846 835
846 847 96
847 848 226
848 849 772
849 850 165
850 851 882
851 852 123
852 853 507
853 854 807
854 855 494
855 856 744
856 857 481
857 858 881
858 859 619
859 860 512
860 861 414
861 862 69
862 863 402
863 864 617
864 865 680
865 866 269
866 867 891
867 868 182
868 869 584
869 870 30
870 871 714
871 872 860
872 873 54
873 874 387
874 875 196
875 876 616
876 877 475
877 878 121
878 879 236
879 880 31
880 881 427
881 882 406
882 883 26
883 884 272
884 885 109
885 886 260
886 887 607
887 888 853
888 889 733
889 890 306
890 891 941
891 892 726
892 893 663
893 894 86
894 895 113
895 896 181
896 897 887
897 898 348
898 899 803
899 900 59
900 901 581
901 902 591
902 903 677
903 904 509
904 905 144
905 906 141
906 907 947
907 908 525
908 909 74
909 910 98
910 911 331
911 912 536
912 913 623
913 914 601
914 915 708
915 916 156
916 917 717
917 918 342
918 919 789
919 920 132
920 921 69
921 922 766
922 923 397
923 924 76
924 925 60
925 926 163
926 927 87
927 928 56
928 929 713
929 930 344
930 931 743
931 932 22
932 933 823
933 934 763
934 935 699
935 936 369
936 937 769
937 938 918
938 939 215
939 940 551
940 941 941
941 942 486
942 943 410
943 944 320
944 945 46
945 946 554
946 947 791
947 948 130
948 949 450
949 950 606
92 612 132
802 204 284
679 788 393
603 134 21
614 419 845
663 580 703
814 20 71
755 148 645
587 577 427
423 841 80
240 289 11
771 846 722
920 234 790
205 229 80
256 913 186
687 597 534
188 586 780
793 541 263
915 552 106
407 818 770
284 372 508
648 696 298
918 289 595
722 14 129
764 302 474
190 5 252
477 748 893
771 414 802
513 122 716
321 646 561
495 592 773
462 652 216
455 544 189
80 883 659
304 23 408
495 389 145
440 940 355
854 824 376
128 825 632
430 284 674
644 631 797
237 946 756
67 51 540
738 114 586
447 860 731
424 9 138
724 571 773
793 56 85
62 657 57
584 426 833
819 92 33
934 430 880
233 718 437
375 369 388
928 770 628
287 792 607
945 861 52
243 583 237
780 626 208
284 525 170
190 527 592
501 730 141
174 273 742
789 588 141
389 644 204
913 232 254
405 427 430
745 440 169
698 184 840
66 72 544
626 523 89
128 232 650
428 492 74
343 135 944
699 803 158
552 442 238
746 692 888
363 1 17
340 813 386
626 411 878
932 611 590
105 575 764
772 846 717
210 339 539
211 696 918
125 268 840
93 714 648
102 168 550
323 127 804
598 152 621
87 909 318
856 856 132
512 220 376
106 882 146
444 192 204
538 866 801
919 573 142
883 634 826
892 770 251
854 679 736
357 634 894
41 604 1
133 273 522
611 941 889
741 459 48
452 159 480
602 384 941
502 369 623
745 436 909
12 593 345
899 389 229
242 8 192
897 820 196
580 564 715
61 112 686
123 905 913
403 553 620
404 680 203
724 150 881
344 395 700
818 316 714
552 274 421
281 98 862
169 149 49
453 753 30
503 694 273
688 614 185
350 873 591
62 943 902
81 278 67
426 179 471
365 499 199
829 286 708
34 713 853
712 421 771
23 724 192
336 389 118
367 943 399
817 350 66
889 283 920
881 104 631
678 582 340
352 581 173
864 708 896
728 232 441
11 528 672
536 760 694
690 84 438
143 781 325
643 283 854
361 691 663
457 98 752
373 341 568
940 204 817
133 862 810
195 437 352
465 602 691
109 548 684
750 9 822
175 182 188
421 488 450
154 280 239
250 531 562
718 206 891
778 710 223
148 911 499
585 32 215
567 444 97
161 147 89
71 589 577
655 218 222
610 53 459
233 906 566
726 502 185
409 894 149
673 743 44
583 688 4
840 662 395
918 328 849
40 49 80
247 700 532
669 476 899
749 737 850
173 494 782
104 62 635
835 218 367
943 555 417
553 859 674
634 393 818
548 170 631
411 815 891
677 944 655
149 325 546
506 409 490
358 260 790
48 41 19
814 876 27
389 604 617
762 191 221
426 696 142
536 552 210
587 134 186
590 851 637
6 932 579
802 528 463
774 716 73
832 486 179
946 940 779
433 226 366
860 296 829
121 556 621
577 74 435
651 826 37
184 102 838
760 275 941
406 122 731
485 796 183
875 669 274
912 688 249
405 513 768
142 540 498
496 104 782
365 840 209
879 746 545
100 646 23
675 13 723
473 581 789
297 693 159
203 478 426
184 452 529
332 220 787
878 840 239
671 77 214
727 676 75
331 151 362
362 803 399
395 685 267
887 8 694
384 95 810
821 409 894
568 228 120
407 242 342
564 674 266
472 830 842
915 516 187
707 210 701
152 344 492
429 99 478
398 75 825
874 84 86
788 771 213
329 335 510
628 274 486
900 225 894
305 863 566
68 208 228
484 705 541
334 442 622
36 185 491
592 899 237
668 422 25
747 477 505
219 59 578
143 419 667
552 539 251
369 69 391
734 190 657
158 833 579
214 488 590
524 321 378
654 89 792
648 343 3
171 655 647
406 460 384
608 762 834
736 555 736
642 793 161
311 271 544
79 238 114
713 792 235
465 657 312
312 862 560
101 689 71
474 758 408
484 502 302
239 259 242
840 864 13
605 161 444
872 703 377
243 724 567
101 76 629
532 312 720
203 430 8
342 552 854
842 721 220
472 608 645
6 891 434
13 510 108
938 561 722
721 705 498
114 274 330
489 117 788
306 33 821
90 717 923
633 561 454
6 492 310
686 338 830
43 768 196
7 89 753
304 67 434
210 320 932
89 368 127
198 565 171
703 258 320
466 223 843
507 264 611
547 494 131
667 244 27
614 477 18
384 671 872
192 415 155
816 444 265
26 651 813
200 902 777
679 494 778
939 362 936
672 35 895
111 864 255
596 139 359
757 481 374
764 275 547
537 82 619
12 143 492
33 524 762
841 112 731
948 270 192
800 880 368
417 915 646
491 237 18
378 104 360
673 882 104
919 167 934
667 636 853
480 58 182
367 711 917
837 822 628
845 465 539
121 148 466
792 712 358
455 54 522
630 891 681
375 571 141
78 549 437
704 690 632
294 789 11
668 320 210
227 360 570
579 867 601
496 704 59
880 844 407
399 605 523
510 895 655
683 147 430
22 929 110
391 922 839
216 634 86
370 630 912
61 309 433
312 207 229
579 948 288
838 220 384
440 946 617
583 210 808
417 485 704
86 859 694
743 794 317
151 91 645
587 425 613
397 52 796
917 693 393
287 931 614
596 811 90
878 110 287
394 791 583
70 421 794
592 713 915
177 208 845
155 464 362
863 44 665
553 496 663
131 347 460
99 869 25
661 355 436
177 384 691
912 878 28
68 441 643
851 851 859
576 305 486
280 132 396
687 424 823
78 480 762
62 355 281
853 444 422
835 879 944
600 106 922
720 803 826
381 341 385
940 387 335
948 590 266
446 813 613
352 332 238
714 258 949
106 221 701
582 652 944
349 533 45
32 76 605
51 777 767
338 802 624
543 442 531
695 319 810
413 279 630
138 355 64
279 520 667
80 28 288
552 316 493
773 23 949
873 704 749
645 498 709
108 312 694
66 182 353
510 129 657
155 416 924
819 316 304
455 885 29
795 941 834
285 301 519
244 484 586
348 232 933
106 461 423
432 152 907
185 761 172
78 488 744
268 684 196
671 4 443
911 280 635
262 844 531
861 435 759
77 207 442
193 489 778
419 835 475
94 36 875
544 733 318
78 156 697
386 440 591
187 51 710
79 457 378
503 493 601
611 476 244
695 117 16
304 107 819
291 886 699
375 764 474
462 869 408
346 740 187
744 247 444
172 562 131
655 709 248
370 41 74
527 564 605
546 123 701
141 842 897
725 664 675
829 146 704
244 394 418
337 841 380
541 76 185
110 201 158
321 143 594
367 118 454
143 794 190
511 326 279
29 299 1
93 795 205
823 604 637
197 447 827
861 105 739
471 287 256
549 207 329
317 902 120
42 117 18
196 944 338
471 113 218
749 145 448
251 479 243
454 819 319
42 147 813
270 345 369
125 320 485
124 535 10
799 865 946
153 283 552
587 215 764
851 270 541
267 784 569
934 653 737
869 599 738
497 425 369
78 599 644
882 772 120
893 928 65
104 485 94
96 212 344
392 149 91
849 641 894
574 600 475
764 224 320
718 266 684
39 912 903
763 809 450
288 846 532
570 607 272
19 722 59
357 148 233
188 373 624
906 657 690
706 896 2
273 469 201
197 437 142
106 711 164
401 231 295
44 142 796
328 200 806
764 786 678
75 105 807
167 528 556
602 37 469
298 430 512
139 309 191
375 861 33
489 697 551
312 173 180
73 187 228
803 677 221
535 353 802
947 752 502
435 544 823
816 67 629
561 776 439
696 890 145
106 477 553
158 839 622
736 809 328
278 130 348
199 331 896
428 763 927
919 228 592
247 486 432
756 135 105
619 460 407
571 746 166
816 11 348
285 441 928
499 106 287
588 626 794
277 631 938
905 633 554
750 205 290
188 516 609
910 941 250
147 208 855
304 638 36
149 393 164
312 633 634
151 930 38
283 451 515
883 458 419
760 119 359
741 183 88
284 200 402
419 84 757
692 41 688
762 511 121
585 714 166
247 628 875
634 4 534
378 387 925
834 26 150
312 385 225
242 805 323
255 864 463
723 135 411
722 404 398
422 751 438
617 207 182
347 906 737
857 900 741
948 36 548
134 593 676
446 406 129
138 243 179
345 343 588
756 118 304
293 6 397
759 625 855
16 840 557
459 293 350
125 637 262
347 419 314
127 513 347
60 292 181
540 485 316
586 674 717
394 437 188
666 194 50
571 395 928
285 551 341
785 776 19
19 507 230
258 292 226
336 581 717
71 185 248
378 387 505
250 874 715
461 841 251
104 684 867
941 771 396
57 539 457
407 667 158
828 900 325
855 492 441
382 459 547
367 741 168
757 635 697
63 403 640
576 96 507
714 851 787
529 677 173
229 2 613
926 315 708
270 339 563
644 412 631
150 244 7
12 748 240
808 741 353
30 319 520
257 435 798
527 476 564
659 72 143
189 637 322
601 385 80
458 487 920
98 5 49
402 306 289
782 116 167
231 380 474
777 822 914
882 441 117
938 120 840
763 210 902
921 484 565
438 163 335
859 702 75
233 310 165
100 896 23
791 467 178
102 566 892
138 11 68
805 488 625
172 290 842
948 205 285
368 92 323
368 25 177
387 684 392
46 919 616
174 253 847
406 825 317
381 545 891
834 97 477
327 256 119
491 292 166
42 622 560
900 268 117
44 375 915
155 208 153
67 726 697
532 340 347
245 304 803
551 727 654
284 650 901
905 597 76
470 87 46
293 874 783
356 697 361
676 943 301
91 496 553
250 716 537
861 911 485
179 635 351
532 657 37
884 341 718
682 67 317
688 876 752
860 751 33
121 444 439
604 794 646
330 889 468
320 546 734
115 947 434
890 783 240
739 234 518
279 104 230
563 151 653
895 862 252
768 464 214
657 105 127
617 762 730
364 767 532
492 249 523
755 38 58
358 665 463
910 547 666
780 816 247
240 698 443
214 395 235
770 416 851
256 757 903
946 284 12
68 416 946
725 655 649
219 730 439
671 943 248
347 210 103
72 659 823
259 398 550
949 321 371
686 835 163
16 204 486
791 700 168
408 195 720
231 130 209
107 510 57
100 326 477
174 58 675
35 179 797
295 532 315
199 419 39
357 194 705
155 748 168
755 492 444
483 748 680
786 556 934
55 931 753
904 330 139
170 405 423
826 102 216
37 432 381
26 811 565
388 508 741
438 482 248
492 869 871
931 312 620
281 91 484
122 614 403
502 329 322
198 98 496
856 323 137
95 778 495
633 648 891
485 315 374
387 504 569
580 56 517
108 663 207
468 852 143
376 157 403
234 774 821
662 651 176
361 251 196
738 121 452
233 99 343
798 135 796
787 213 794
208 710 322
716 573 33
691 584 889
165 677 467
248 40 884
355 48 647
70 876 918
837 771 331
342 836 90
423 631 674
327 787 782
435 523 296
80 886 514
535 736 484
286 897 699
185 503 522
710 133 937
89 920 137
192 466 279
398 147 737
111 527 898
721 403 596
53 65 190
672 358 471
71 305 360
630 649 592
210 111 142
217 184 726
736 100 676
140 127 857
322 754 337
68 16 743
695 717 407
886 838 199
276 315 136
315 859 391
410 915 255
912 753 489
156 176 231
749 380 230
713 339 218
821 846 292
70 940 559
415 13 474
881 121 348
453 859 809
565 630 667
139 414 372
791 110 582
772 615 517
338 121 619
349 656 51
144 587 129
406 928 814
873 72 528
923 662 274
434 703 888
68 114 454
476 646 546
713 507 771
109 506 647
133 474 103
779 120 427
193 236 566
22 245 8
171 338 550
369 47 16
452 643 504
657 41 260
58 437 210
165 37 670
259 464 536
79 302 19
70 457 82
928 425 946
443 875 17
774 112 536
23 422 558
795 575 289
283 59 196
73 834 532
54 333 551
390 581 309
305 403 59
318 108 362
370 279 857
64 483 293
83 818 871
708 175 188
544 234 465
664 715 147
640 926 606
813 118 93
931 770 31
918 929 949
920 530 742
916 38 109
726 576 760
418 371 536
914 757 398
656 685 511
751 59 129
444 240 425
376 195 291
239 873 770
851 803 145
573 890 660
427 938 587
816 878 920
523 650 665
915 795 687
869 879 327
758 353 347
537 216 189
866 639 483
524 384 116
606 7 613
116 775 730
842 85 123
399 597 927
33 703 726
666 266 303
709 406 18
45 705 444
174 650 873
121 534 64
917 594 24
660 776 525
285 202 273
858 796 577
120 642 639
479 523 578
693 9 855
922 477 888
416 504 191
312 890 154
529 650 923
102 53 670
254 380 235
89 875 477
313 585 173
598 304 4
407 819 284
837 746 830
661 345 560
511 58 877
172 696 743
172 629 447
161 336 636
279 867 733
256 9 300
870 497 725
770 777 257
433 596 175
791 939 139
714 55 928
403 93 855
223 603 426
511 293 175
749 186 291
646 679 106
254 392 760
381 430 603
583 693 83
212 450 462
597 556 91
469 510 329
289 329 31
171 879 841
406 299 945
5
797 859 947 89 129 
475
46 926 561 899 917 781 116 365 77 23 880 594 183 156 487 134 656 38 333 439 766 115 269 800 283 409 597 139 229 789 646 260 420 745 763 70 600 869 318 109 794 262 904 641 337 277 754 855 401 419 424 948 647 767 531 766 503 651 768 674 387 219 248 230 575 629 611 759 626 468 313 735 453 420 113 621 612 736 241 762 165 1 461 896 518 855 388 618 816 493 189 774 916 30 438 839 270 487 531 360 841 672 270 432 277 671 462 505 244 135 458 200 887 780 251 558 106 866 435 600 95 93 871 670 218 814 54 918 228 161 606 154 842 863 727 105 123 685 217 351 644 96 903 798 222 462 645 310 817 36 190 819 558 519 705 701 783 500 671 586 699 893 117 533 30 617 210 459 784 550 186 758 121 72 493 681 578 7 746 587 504 653 519 236 636 879 529 311 102 50 465 736 77 58 838 92 889 194 947 634 694 319 324 486 110 647 432 662 90 835 274 950 582 450 743 57 201 738 391 920 674 639 318 684 551 709 407 789 464 21 317 559 686 474 280 299 857 721 376 447 734 489 20 97 841 676 570 820 92 548 946 705 509 759 95 42 42 138 401 883 326 737 339 459 181 486 764 535 504 778 836 527 671 287 432 571 850 399 528 550 686 724 588 752 232 68 484 172 777 830 632 595 393 318 551 879 517 285 250 658 741 582 324 742 482 550 190 750 876 300 114 896 477 202 725 334 740 786 175 846 246 471 84 218 843 253 875 774 191 206 669 221 694 531 557 316 265 131 509 9 525 309 612 18 818 729 491 700 781 571 141 713 701 15 726 135 683 812 157 369 95 77 287 267 193 289 789 666 613 198 797 660 103 72 357 661 708 217 601 321 796 126 749 175 125 394 880 787 114 67 9 185 652 162 356 16 275 183 640 683 725 1 626 338 177 851 425 665 588 796 476 580 52 339 395 395 807 576 872 791 535 570 30 596 409 658 846 175 339 257 571 33 267 623 158 554 622 306 840 76 430 279 140 578 445 891 199 505 768 443 231 269 299 307 191 383 294 790 402 594 28 270 944 134 832 743 186 27 143 81 567 212 218 708 221 