1000 2000 50
42 68 35 1 70 25 79 59 63 65 6 46 82 28 62 92 96 43 28 37 92 5 3 54 93 83 22 17 19 96 48 27 72 39 70 13 68 100 36 95 4 12 23 34 74 65 42 12 54 69 48 45 63 58 38 60 24 42 30 79 17 36 91 43 89 7 41 43 65 49 47 6 91 30 71 51 7 2 94 49 30 24 85 55 57 41 67 77 32 9 45 40 27 24 38 39 19 83 30 42 34 16 40 59 5 31 78 7 74 87 22 46 25 73 71 30 78 74 98 13 87 91 62 37 56 68 56 75 32 53 51 51 42 25 67 31 8 92 8 38 58 88 54 84 46 10 10 59 22 89 23 47 7 31 14 69 1 92 63 56 11 60 25 38 49 84 96 42 3 51 92 37 75 21 97 22 49 100 69 85 82 35 54 100 19 39 1 89 28 68 29 94 49 84 8 22 11 18 14 15 10 17 36 52 1 50 20 57 99 4 25 9 45 10 90 3 96 86 94 44 24 88 15 4 49 1 59 19 81 97 99 82 90 99 10 58 73 23 39 93 39 80 91 58 59 92 16 89 57 12 3 35 73 56 29 47 63 87 76 34 70 43 45 17 82 99 23 52 22 100 58 77 93 90 76 13 1 11 4 70 62 89 2 90 56 24 3 86 83 86 89 27 18 58 33 33 70 55 22 90 77 30 69 93 26 56 35 50 42 13 46 61 19 54 40 24 80 97 88 30 50 38 67 50 94 96 98 17 87 6 89 83 56 35 15 2 17 72 87 64 14 56 86 54 13 9 33 46 14 57 22 59 47 83 82 45 97 23 30 62 36 51 74 67 45 60 93 40 54 25 55 11 46 50 87 14 75 23 69 19 88 6 59 92 3 26 78 15 15 25 35 75 73 60 34 71 88 98 19 78 74 71 64 69 93 86 3 81 14 28 3 100 28 26 44 25 24 73 62 82 4 33 6 94 26 32 93 43 23 87 65 1 88 61 14 75 71 71 36 34 12 61 97 68 86 51 41 95 96 25 20 26 77 95 59 3 72 67 79 94 52 85 19 65 20 53 1 88 61 27 11 58 71 16 77 28 44 59 65 10 83 87 66 88 78 75 26 28 30 29 24 21 3 63 24 97 38 62 96 26 65 61 3 17 31 27 12 72 12 48 54 21 91 25 89 64 41 52 63 30 1 14 59 79 66 8 78 1 59 40 4 61 58 25 78 9 14 88 2 51 61 29 94 85 6 41 12 5 36 57 73 51 24 86 57 17 27 58 27 58 38 72 70 62 97 23 18 13 18 97 86 42 24 30 30 66 60 33 97 56 54 63 85 35 55 73 58 70 33 64 8 84 12 36 68 49 76 39 24 43 55 12 42 76 60 26 22 71 27 35 6 84 51 99 80 2 94 35 38 35 57 94 77 6 63 49 82 1 14 42 56 56 43 63 12 78 25 79 53 44 97 74 41 14 76 73 19 11 18 33 13 96 70 32 41 89 86 91 98 90 91 46 54 15 52 41 45 59 36 60 93 6 65 82 4 30 76 9 93 98 50 57 62 28 68 42 30 41 14 75 2 78 16 84 14 93 25 2 93 60 71 29 28 85 76 87 99 71 88 48 5 4 22 64 7 64 11 72 90 41 65 43 20 14 92 5 19 33 51 6 76 40 4 23 99 48 85 49 72 65 14 76 46 13 47 79 70 63 20 86 90 45 66 41 46 9 19 71 2 24 33 73 53 88 71 64 2 4 24 28 1 70 16 66 29 44 48 89 44 38 10 64 50 82 89 43 9 61 22 59 55 89 47 91 50 44 31 21 49 68 37 84 36 27 86 39 54 30 25 49 24 60 58 67 45 56 19 27 12 26 56 2 50 97 85 16 65 43 76 14 43 97 49 73 27 7 74 30 5 6 27 13 76 94 66 37 37 42 15 95 57 53 37 39 83 56 16 32 31 42 26 12 38 87 91 51 63 35 94 54 17 53 9 63 34 55 4 35 4 57 49 25 18 14 10 29 1 81 19 59 51 56 62 65 4 77 44 10 3 62 90 49 83 54 75 21 3 24 32 70 79 60 9 20 72 4 46 82 5 93 86 14 99 90 23 39 38 11 62 35 9 62 60 94 16 70 38 70 59 1 72 65 18 16 56 16 31 40 13 89 83 55 86 11 85 75 81 16 52 42 16 80 11 99 74 89 78 33 57 90 14 9 42 91 24 64 29 85 79 1 72 86 75 72 34 68 54 96 69 26 77 30 51 99 10 94 87 81 17 50 
1 2 668
2 3 529
3 4 680
4 5 865
5 6 422
6 7 406
7 8 827
8 9 817
9 10 517
10 11 727
11 12 667
12 13 88
13 14 682
14 15 965
15 16 341
16 17 687
17 18 22
18 19 663
19 20 722
20 21 65
21 22 310
22 23 416
23 24 903
24 25 874
25 26 125
26 27 942
27 28 746
28 29 763
29 30 424
30 31 532
31 32 807
32 33 269
33 34 319
34 35 603
35 36 908
36 37 308
37 38 482
38 39 13
39 40 137
40 41 631
41 42 115
42 43 810
43 44 85
44 45 557
45 46 291
46 47 294
47 48 997
48 49 153
49 50 55
50 51 346
51 52 709
52 53 249
53 54 492
54 55 713
55 56 132
56 57 115
57 58 440
58 59 959
59 60 723
60 61 705
61 62 996
62 63 53
63 64 270
64 65 480
65 66 239
66 67 424
67 68 919
68 69 867
69 70 660
70 71 499
71 72 487
72 73 197
73 74 463
74 75 634
75 76 159
76 77 23
77 78 147
78 79 393
79 80 38
80 81 926
81 82 648
82 83 459
83 84 603
84 85 808
85 86 99
86 87 831
87 88 293
88 89 601
89 90 279
90 91 800
91 92 353
92 93 449
93 94 883
94 95 541
95 96 316
96 97 576
97 98 763
98 99 568
99 100 337
100 101 398
101 102 419
102 103 898
103 104 829
104 105 852
105 106 817
106 107 231
107 108 450
108 109 926
109 110 659
110 111 230
111 112 521
112 113 941
113 114 561
114 115 148
115 116 163
116 117 656
117 118 676
118 119 793
119 120 362
120 121 755
121 122 399
122 123 147
123 124 715
124 125 947
125 126 189
126 127 570
127 128 639
128 129 664
129 130 76
130 131 516
131 132 522
132 133 476
133 134 616
134 135 529
135 136 235
136 137 571
137 138 906
138 139 465
139 140 558
140 141 963
141 142 162
142 143 525
143 144 550
144 145 470
145 146 331
146 147 924
147 148 351
148 149 334
149 150 926
150 151 911
151 152 738
152 153 337
153 154 338
154 155 279
155 156 394
156 157 637
157 158 715
158 159 165
159 160 592
160 161 950
161 162 136
162 163 506
163 164 338
164 165 5
165 166 338
166 167 624
167 168 665
168 169 971
169 170 609
170 171 569
171 172 282
172 173 86
173 174 153
174 175 374
175 176 653
176 177 195
177 178 877
178 179 827
179 180 397
180 181 573
181 182 250
182 183 641
183 184 175
184 185 820
185 186 944
186 187 612
187 188 942
188 189 290
189 190 420
190 191 566
191 192 806
192 193 586
193 194 217
194 195 451
195 196 616
196 197 610
197 198 65
198 199 167
199 200 894
200 201 75
201 202 510
202 203 301
203 204 696
204 205 574
205 206 590
206 207 162
207 208 173
208 209 969
209 210 359
210 211 32
211 212 269
212 213 427
213 214 511
214 215 423
215 216 775
216 217 780
217 218 911
218 219 553
219 220 183
220 221 392
221 222 496
222 223 765
223 224 875
224 225 365
225 226 903
226 227 256
227 228 461
228 229 475
229 230 973
230 231 822
231 232 123
232 233 548
233 234 578
234 235 790
235 236 606
236 237 196
237 238 595
238 239 951
239 240 344
240 241 755
241 242 482
242 243 13
243 244 673
244 245 440
245 246 429
246 247 913
247 248 763
248 249 968
249 250 409
250 251 416
251 252 909
252 253 224
253 254 760
254 255 435
255 256 205
256 257 487
257 258 320
258 259 959
259 260 946
260 261 807
261 262 167
262 263 701
263 264 368
264 265 693
265 266 788
266 267 533
267 268 557
268 269 975
269 270 448
270 271 22
271 272 284
272 273 223
273 274 332
274 275 377
275 276 584
276 277 949
277 278 724
278 279 983
279 280 19
280 281 777
281 282 221
282 283 112
283 284 183
284 285 857
285 286 491
286 287 926
287 288 325
288 289 487
289 290 678
290 291 970
291 292 644
292 293 535
293 294 678
294 295 669
295 296 69
296 297 992
297 298 197
298 299 784
299 300 829
300 301 728
301 302 427
302 303 872
303 304 698
304 305 613
305 306 704
306 307 28
307 308 409
308 309 546
309 310 509
310 311 186
311 312 239
312 313 238
313 314 444
314 315 314
315 316 502
316 317 851
317 318 129
318 319 112
319 320 651
320 321 150
321 322 193
322 323 455
323 324 870
324 325 682
325 326 466
326 327 268
327 328 714
328 329 794
329 330 635
330 331 473
331 332 973
332 333 831
333 334 902
334 335 443
335 336 178
336 337 878
337 338 771
338 339 703
339 340 365
340 341 382
341 342 591
342 343 824
343 344 238
344 345 24
345 346 180
346 347 596
347 348 170
348 349 328
349 350 43
350 351 311
351 352 183
352 353 59
353 354 927
354 355 488
355 356 671
356 357 529
357 358 652
358 359 259
359 360 214
360 361 861
361 362 784
362 363 287
363 364 743
364 365 611
365 366 473
366 367 129
367 368 435
368 369 842
369 370 719
370 371 504
371 372 868
372 373 866
373 374 939
374 375 882
375 376 258
376 377 751
377 378 615
378 379 599
379 380 459
380 381 662
381 382 64
382 383 757
383 384 808
384 385 279
385 386 490
386 387 436
387 388 366
388 389 76
389 390 587
390 391 387
391 392 834
392 393 361
393 394 331
394 395 49
395 396 929
396 397 493
397 398 434
398 399 841
399 400 767
400 401 736
401 402 811
402 403 600
403 404 838
404 405 893
405 406 983
406 407 329
407 408 353
408 409 370
409 410 245
410 411 795
411 412 609
412 413 253
413 414 648
414 415 433
415 416 536
416 417 209
417 418 265
418 419 498
419 420 244
420 421 650
421 422 16
422 423 842
423 424 190
424 425 101
425 426 813
426 427 649
427 428 524
428 429 852
429 430 475
430 431 634
431 432 892
432 433 201
433 434 855
434 435 991
435 436 698
436 437 920
437 438 781
438 439 579
439 440 932
440 441 545
441 442 341
442 443 488
443 444 900
444 445 526
445 446 484
446 447 539
447 448 493
448 449 194
449 450 253
450 451 12
451 452 561
452 453 835
453 454 841
454 455 498
455 456 786
456 457 530
457 458 541
458 459 806
459 460 792
460 461 393
461 462 211
462 463 550
463 464 579
464 465 980
465 466 972
466 467 278
467 468 74
468 469 194
469 470 621
470 471 498
471 472 827
472 473 277
473 474 791
474 475 583
475 476 579
476 477 160
477 478 419
478 479 490
479 480 160
480 481 450
481 482 925
482 483 73
483 484 381
484 485 9
485 486 968
486 487 209
487 488 478
488 489 504
489 490 371
490 491 608
491 492 197
492 493 75
493 494 723
494 495 612
495 496 20
496 497 762
497 498 57
498 499 891
499 500 164
500 501 684
501 502 717
502 503 933
503 504 453
504 505 742
505 506 955
506 507 814
507 508 863
508 509 397
509 510 461
510 511 616
511 512 905
512 513 600
513 514 137
514 515 681
515 516 199
516 517 33
517 518 388
518 519 585
519 520 241
520 521 518
521 522 7
522 523 671
523 524 242
524 525 883
525 526 250
526 527 524
527 528 759
528 529 106
529 530 622
530 531 96
531 532 297
532 533 917
533 534 679
534 535 179
535 536 580
536 537 59
537 538 578
538 539 751
539 540 8
540 541 730
541 542 82
542 543 996
543 544 679
544 545 677
545 546 754
546 547 900
547 548 785
548 549 566
549 550 94
550 551 609
551 552 173
552 553 244
553 554 930
554 555 515
555 556 169
556 557 56
557 558 192
558 559 974
559 560 923
560 561 749
561 562 652
562 563 987
563 564 145
564 565 447
565 566 578
566 567 518
567 568 630
568 569 917
569 570 875
570 571 792
571 572 470
572 573 913
573 574 147
574 575 694
575 576 92
576 577 816
577 578 950
578 579 858
579 580 641
580 581 53
581 582 237
582 583 552
583 584 488
584 585 227
585 586 163
586 587 956
587 588 184
588 589 395
589 590 181
590 591 98
591 592 66
592 593 66
593 594 514
594 595 262
595 596 579
596 597 79
597 598 879
598 599 141
599 600 612
600 601 948
601 602 446
602 603 171
603 604 976
604 605 490
605 606 751
606 607 150
607 608 334
608 609 866
609 610 215
610 611 283
611 612 8
612 613 433
613 614 897
614 615 368
615 616 523
616 617 883
617 618 811
618 619 642
619 620 232
620 621 188
621 622 706
622 623 480
623 624 322
624 625 539
625 626 352
626 627 448
627 628 209
628 629 647
629 630 277
630 631 760
631 632 190
632 633 423
633 634 667
634 635 487
635 636 456
636 637 29
637 638 615
638 639 861
639 640 254
640 641 778
641 642 349
642 643 504
643 644 862
644 645 432
645 646 83
646 647 456
647 648 198
648 649 107
649 650 753
650 651 822
651 652 297
652 653 282
653 654 22
654 655 456
655 656 948
656 657 125
657 658 319
658 659 136
659 660 377
660 661 775
661 662 860
662 663 999
663 664 75
664 665 254
665 666 923
666 667 636
667 668 644
668 669 889
669 670 154
670 671 233
671 672 748
672 673 681
673 674 927
674 675 679
675 676 451
676 677 802
677 678 962
678 679 200
679 680 856
680 681 364
681 682 717
682 683 574
683 684 562
684 685 246
685 686 474
686 687 275
687 688 551
688 689 354
689 690 182
690 691 288
691 692 700
692 693 111
693 694 644
694 695 466
695 696 173
696 697 530
697 698 982
698 699 113
699 700 477
700 701 382
701 702 248
702 703 891
703 704 672
704 705 806
705 706 373
706 707 33
707 708 990
708 709 321
709 710 166
710 711 432
711 712 659
712 713 294
713 714 207
714 715 579
715 716 949
716 717 207
717 718 172
718 719 167
719 720 397
720 721 698
721 722 21
722 723 695
723 724 530
724 725 789
725 726 110
726 727 985
727 728 970
728 729 979
729 730 618
730 731 16
731 732 627
732 733 685
733 734 169
734 735 907
735 736 929
736 737 98
737 738 119
738 739 391
739 740 200
740 741 786
741 742 487
742 743 200
743 744 421
744 745 711
745 746 272
746 747 814
747 748 416
748 749 86
749 750 319
750 751 581
751 752 332
752 753 268
753 754 388
754 755 445
755 756 187
756 757 508
757 758 361
758 759 828
759 760 75
760 761 432
761 762 153
762 763 272
763 764 269
764 765 694
765 766 886
766 767 338
767 768 312
768 769 605
769 770 678
770 771 407
771 772 769
772 773 23
773 774 414
774 775 1
775 776 543
776 777 538
777 778 39
778 779 389
779 780 356
780 781 290
781 782 648
782 783 182
783 784 94
784 785 585
785 786 988
786 787 762
787 788 494
788 789 218
789 790 502
790 791 483
791 792 448
792 793 666
793 794 754
794 795 105
795 796 85
796 797 96
797 798 526
798 799 222
799 800 965
800 801 782
801 802 873
802 803 107
803 804 657
804 805 344
805 806 594
806 807 81
807 808 81
808 809 869
809 810 412
810 811 714
811 812 969
812 813 252
813 814 217
814 815 80
815 816 769
816 817 41
817 818 532
818 819 934
819 820 780
820 821 664
821 822 260
822 823 654
823 824 937
824 825 96
825 826 366
826 827 875
827 828 721
828 829 836
829 830 681
830 831 977
831 832 456
832 833 726
833 834 72
834 835 809
835 836 560
836 837 157
837 838 603
838 839 833
839 840 906
840 841 441
841 842 376
842 843 563
843 844 886
844 845 963
845 846 81
846 847 837
847 848 798
848 849 203
849 850 509
850 851 81
851 852 341
852 853 77
853 854 59
854 855 494
855 856 741
856 857 547
857 858 475
858 859 774
859 860 98
860 861 881
861 862 336
862 863 73
863 864 401
864 865 708
865 866 956
866 867 667
867 868 142
868 869 589
869 870 482
870 871 169
871 872 316
872 873 397
873 874 226
874 875 10
875 876 13
876 877 137
877 878 456
878 879 763
879 880 44
880 881 743
881 882 22
882 883 923
883 884 513
884 885 249
885 886 19
886 887 369
887 888 718
888 889 715
889 890 651
890 891 291
891 892 336
892 893 760
893 894 170
894 895 896
895 896 304
896 897 641
897 898 980
898 899 200
899 900 106
900 901 792
901 902 662
902 903 682
903 904 653
904 905 754
905 906 34
906 907 30
907 908 988
908 909 43
909 910 254
910 911 84
911 912 421
912 913 815
913 914 719
914 915 245
915 916 64
916 917 230
917 918 653
918 919 865
919 920 770
920 921 471
921 922 6
922 923 48
923 924 595
924 925 488
925 926 327
926 927 277
927 928 324
928 929 541
929 930 680
930 931 991
931 932 589
932 933 711
933 934 272
934 935 946
935 936 222
936 937 471
937 938 184
938 939 590
939 940 956
940 941 979
941 942 780
942 943 7
943 944 263
944 945 136
945 946 488
946 947 197
947 948 34
948 949 89
949 950 936
950 951 780
951 952 994
952 953 791
953 954 963
954 955 966
955 956 2
956 957 106
957 958 808
958 959 568
959 960 670
960 961 135
961 962 672
962 963 458
963 964 999
964 965 546
965 966 598
966 967 219
967 968 839
968 969 845
969 970 373
970 971 564
971 972 29
972 973 265
973 974 802
974 975 724
975 976 491
976 977 605
977 978 602
978 979 228
979 980 198
980 981 693
981 982 772
982 983 364
983 984 302
984 985 364
985 986 722
986 987 566
987 988 422
988 989 446
989 990 611
990 991 496
991 992 742
992 993 23
993 994 813
994 995 152
995 996 16
996 997 56
997 998 394
998 999 739
999 1000 280
882 609 655
822 708 246
338 145 291
339 155 605
623 226 79
724 982 331
733 224 595
130 847 988
445 806 617
750 490 339
963 136 698
209 631 225
908 738 475
920 373 294
855 735 562
57 607 185
76 383 120
741 433 685
779 280 284
667 837 126
118 738 29
119 578 738
92 557 796
61 902 794
432 137 581
875 908 185
75 720 791
476 42 352
329 291 975
73 592 190
787 491 240
893 54 64
681 904 6
176 480 696
139 469 999
84 640 516
621 994 827
722 839 829
581 400 979
891 24 944
834 244 350
702 708 503
141 688 347
891 638 414
400 817 691
162 936 127
410 878 383
260 190 706
874 664 723
195 567 361
39 589 812
245 468 426
867 190 543
64 548 503
617 100 24
226 204 49
52 571 637
458 968 457
405 532 963
819 976 557
531 496 45
591 804 389
915 451 320
272 792 384
133 776 643
569 301 955
79 586 258
333 894 491
103 751 234
722 272 612
990 339 642
258 48 353
658 480 303
683 991 3
568 423 896
135 9 362
742 195 700
188 179 43
357 942 848
469 346 381
913 965 711
62 386 74
504 463 704
102 70 155
529 553 75
149 731 245
844 50 119
66 364 553
773 471 732
747 512 870
398 499 104
352 680 54
44 523 89
563 835 851
23 241 912
492 652 581
477 617 877
178 221 616
348 799 180
635 858 884
662 903 263
420 771 23
273 842 687
888 918 718
892 699 268
749 66 390
932 620 82
4 131 29
631 590 153
630 173 865
407 296 429
681 491 611
177 72 237
459 644 841
633 38 894
630 275 994
782 204 462
290 663 308
997 152 424
890 718 641
703 567 884
661 660 246
386 652 766
601 841 210
497 284 251
59 422 176
581 788 272
287 1000 505
979 139 701
530 462 119
205 541 829
459 623 399
760 99 936
481 615 568
493 597 162
746 539 671
538 477 556
917 372 761
752 759 434
255 66 727
401 35 760
393 549 274
792 194 934
137 104 691
211 695 669
627 499 990
248 880 648
149 932 670
875 599 450
436 600 124
443 732 155
861 435 386
967 817 394
704 867 954
308 224 685
792 668 49
469 931 812
814 91 428
743 605 600
474 196 507
158 590 859
809 890 448
41 819 365
975 27 90
503 67 413
840 571 677
395 642 987
651 110 188
84 86 391
250 687 756
381 129 503
277 863 425
565 873 833
885 429 647
889 479 884
925 266 261
46 779 822
855 521 928
773 135 252
675 337 335
2 738 311
974 591 357
72 81 936
145 283 826
718 574 713
38 999 906
162 718 693
539 48 947
103 232 116
839 859 830
645 395 200
645 273 676
862 73 774
480 239 898
542 609 204
277 126 135
401 79 383
169 737 479
939 139 722
426 664 678
575 725 982
700 962 863
3 449 96
684 17 138
507 994 285
944 260 822
59 644 669
677 120 858
42 892 265
623 916 73
929 842 716
615 537 958
759 701 453
94 242 830
448 228 799
224 325 275
133 886 39
170 863 630
85 910 879
923 86 401
25 194 106
412 766 768
407 678 785
704 791 835
891 622 86
734 191 543
998 87 19
621 425 598
376 255 670
108 928 494
69 367 103
438 601 820
318 291 985
339 557 809
632 479 815
787 240 75
21 828 555
988 442 799
642 3 322
104 947 57
509 834 709
761 534 687
804 386 143
842 261 162
620 344 579
187 114 64
591 935 416
656 762 13
411 960 252
738 371 125
507 8 585
951 102 490
958 442 791
14 413 856
61 94 473
402 677 544
373 267 652
275 529 533
761 470 504
729 108 893
451 954 393
570 520 473
407 495 506
440 384 263
409 608 39
360 472 172
654 948 515
523 230 490
766 888 757
632 471 740
666 523 284
160 554 706
92 260 387
687 630 43
317 46 357
388 453 155
466 834 761
919 632 739
267 777 99
314 321 54
8 470 217
722 843 8
463 261 948
793 631 718
44 377 315
626 118 335
620 172 793
964 155 867
693 665 776
1 213 101
551 477 380
943 878 790
361 386 273
434 145 562
563 505 947
888 309 158
430 124 465
75 347 838
981 319 612
292 592 833
123 462 992
461 331 499
369 292 401
179 118 318
914 596 442
936 868 29
453 910 974
981 504 570
816 884 368
385 403 231
157 682 568
310 867 688
171 478 246
764 239 672
48 116 593
311 658 406
54 172 581
740 531 676
320 791 378
998 587 605
489 632 745
388 611 719
919 260 928
609 120 480
716 301 397
853 459 831
593 807 850
854 273 161
294 55 334
146 230 472
428 560 242
421 689 367
34 686 271
329 262 861
208 983 163
506 879 980
897 888 539
469 784 541
795 267 634
509 558 318
134 54 136
258 594 844
693 467 952
140 95 938
174 513 98
551 696 818
492 293 238
530 614 297
710 390 629
809 787 745
840 183 570
120 394 293
962 215 528
807 195 706
713 12 914
693 665 204
995 763 382
946 910 49
768 625 512
954 236 128
633 241 863
127 578 818
340 143 101
400 559 477
154 936 431
831 296 538
623 923 928
30 212 212
754 881 254
293 322 786
528 444 1
555 672 271
452 376 632
640 935 41
986 835 249
539 766 797
312 263 53
731 988 465
557 249 557
170 451 183
301 294 100
332 45 332
76 5 51
27 67 739
801 624 844
441 381 696
918 660 364
628 330 89
854 614 980
569 667 680
577 838 403
115 293 724
872 449 324
153 949 396
197 509 909
411 994 666
781 203 611
828 257 706
965 24 770
715 254 806
684 479 146
840 834 286
900 969 995
633 886 349
281 33 257
910 873 983
901 307 636
860 472 528
137 344 769
233 996 172
603 943 12
879 35 513
593 531 162
234 259 927
906 192 444
188 228 720
484 225 94
435 225 95
582 868 628
6 147 687
589 541 238
850 760 579
956 678 404
43 301 812
225 144 596
17 616 805
7 369 642
335 699 326
313 24 313
618 458 397
339 87 95
846 44 523
911 281 456
358 848 871
990 874 328
413 455 897
472 451 242
641 647 526
213 825 930
695 404 595
993 68 188
640 80 42
125 535 861
1 908 622
692 294 118
717 404 944
893 640 12
925 29 979
748 851 893
444 655 624
353 37 548
346 827 62
904 239 572
886 406 300
57 729 268
751 20 992
166 718 847
94 188 422
912 868 300
444 898 202
328 943 105
769 769 642
296 263 721
244 919 626
219 585 175
984 460 150
15 696 504
33 852 538
814 364 652
219 291 918
683 919 585
252 587 270
248 138 398
424 169 28
148 994 383
271 670 894
877 15 105
484 944 496
811 294 893
798 991 300
890 494 75
549 775 315
173 70 219
865 834 239
911 253 464
508 150 89
245 232 921
106 272 369
421 259 158
647 983 239
122 724 907
706 190 157
345 352 924
118 551 98
836 592 407
510 814 652
880 845 744
741 246 579
949 706 515
785 228 625
204 357 918
227 556 103
286 469 699
979 412 490
758 491 776
410 133 90
296 951 113
122 530 673
836 278 554
976 671 86
652 752 398
751 2 436
693 73 917
716 329 512
125 839 297
939 545 57
826 903 759
588 22 587
108 778 629
979 948 550
280 246 129
63 427 720
677 92 48
785 232 407
684 955 770
709 957 422
945 466 17
860 498 336
190 678 50
6 887 389
675 144 378
130 488 556
482 254 1
754 290 489
215 9 311
940 800 998
707 455 305
237 486 500
792 614 613
682 984 352
129 138 34
600 865 684
857 969 711
968 709 642
732 438 685
499 702 870
583 257 693
640 88 13
810 821 836
663 616 898
677 775 135
553 534 879
286 625 735
76 350 713
984 625 793
504 823 56
913 463 474
85 161 123
54 398 823
750 338 918
7 932 198
505 237 358
599 291 899
985 448 85
592 726 997
855 829 339
342 429 796
742 38 507
767 54 794
505 147 610
924 855 466
239 207 210
492 500 176
37 62 648
618 14 728
712 897 910
841 131 91
35 916 287
523 667 345
736 38 417
893 950 972
844 778 286
200 591 286
325 119 669
7 730 9
541 226 537
980 717 471
384 748 329
936 205 701
523 365 412
41 251 505
483 767 142
670 846 507
89 257 108
266 858 679
199 675 156
191 991 833
858 997 918
290 968 708
234 247 463
402 240 427
96 907 315
350 587 280
776 823 880
301 813 677
164 358 571
39 313 145
561 181 201
643 857 62
647 940 809
290 453 980
618 420 8
284 548 978
675 614 710
371 643 340
336 622 502
35 130 359
436 470 898
504 799 203
105 239 33
66 517 482
579 24 728
771 314 383
140 817 489
319 590 514
259 852 272
283 365 39
13 185 760
501 575 734
60 715 650
595 523 542
416 378 53
565 892 139
310 968 56
787 225 223
439 442 649
804 835 369
441 873 669
974 177 138
633 242 746
19 16 975
252 847 957
524 967 582
144 241 335
296 877 28
205 19 292
641 466 192
471 260 701
217 17 944
624 65 506
157 503 667
275 47 633
789 47 146
4 153 902
326 154 185
649 351 406
346 26 971
336 796 794
323 533 857
896 211 777
692 551 291
795 853 351
315 37 362
760 985 730
534 51 83
806 937 585
790 618 183
67 117 389
425 102 611
450 983 622
193 39 755
593 896 281
638 168 421
345 884 866
696 834 391
632 190 840
183 818 130
753 680 614
600 253 146
861 152 319
963 814 908
554 477 618
211 430 265
966 532 943
698 523 156
587 258 159
464 763 511
946 66 381
165 947 541
297 43 465
194 585 271
715 201 207
106 303 697
833 612 68
415 646 176
354 449 920
80 989 322
592 598 198
509 653 72
658 123 860
997 1000 900
120 321 37
984 913 916
953 486 742
199 568 209
844 170 682
879 109 208
259 707 850
76 27 125
607 775 885
128 547 146
481 715 150
168 339 308
793 505 106
697 218 956
641 344 134
98 680 737
555 634 955
930 253 905
279 489 871
754 73 177
701 416 87
231 481 976
260 515 939
657 991 439
981 448 243
618 71 632
62 220 782
990 834 673
563 303 503
928 722 899
447 946 407
222 687 795
577 845 684
547 241 486
464 724 338
653 169 131
255 467 859
512 657 319
201 143 277
506 703 685
24 271 313
250 476 312
850 196 489
520 102 184
798 893 849
784 246 188
462 344 259
859 872 17
172 833 442
683 89 16
976 517 299
40 284 206
997 147 770
675 918 388
21 31 443
735 390 374
480 74 778
786 382 786
522 346 980
86 714 936
735 884 187
97 649 86
752 522 261
982 637 689
919 237 793
66 279 199
496 387 12
976 548 122
202 246 703
564 540 573
257 371 921
654 360 81
298 392 961
510 592 868
34 676 137
499 776 791
376 257 273
703 87 968
515 543 496
566 457 187
437 199 627
364 86 666
908 341 361
814 155 13
752 339 707
525 631 250
179 80 314
838 518 422
145 992 970
839 309 566
762 474 682
970 148 54
708 509 716
429 67 690
663 772 542
259 632 573
514 967 989
170 169 200
655 851 445
936 279 407
427 314 524
371 328 74
461 174 935
102 588 418
463 154 127
595 496 214
406 371 860
305 497 834
223 853 880
519 127 794
585 466 372
444 108 272
88 100 520
596 716 553
492 754 258
590 960 358
886 810 866
686 20 260
313 436 29
101 469 870
456 732 579
75 396 844
274 317 25
511 586 723
971 58 96
174 39 184
658 296 723
983 232 504
232 301 591
480 409 506
702 859 819
557 562 121
29 657 714
332 93 183
467 321 359
75 988 95
983 365 265
714 747 391
425 256 164
467 793 232
619 881 719
128 949 721
80 92 767
587 809 127
825 160 519
220 36 315
456 148 157
134 361 752
208 479 295
589 525 977
694 91 190
372 420 302
702 845 524
539 610 828
637 187 417
827 170 624
899 515 416
644 437 670
378 677 859
952 847 138
915 989 617
288 383 75
333 916 57
656 63 617
524 130 443
984 873 50
396 27 583
202 776 417
665 553 760
755 418 845
554 444 825
999 423 122
733 414 918
793 874 61
175 75 986
501 623 209
395 27 721
291 989 930
73 978 194
9 255 923
876 138 817
803 91 913
289 254 980
299 323 903
602 370 655
729 735 439
274 227 464
134 973 349
453 504 308
518 334 438
695 180 662
144 660 962
907 577 473
645 593 973
628 197 812
535 836 230
716 533 957
158 750 621
296 725 121
526 407 984
445 575 692
588 539 665
104 878 354
942 5 624
852 626 612
842 725 150
135 591 147
328 856 805
741 910 382
779 103 84
692 533 313
100 162 48
405 291 570
959 629 140
228 581 472
778 441 457
148 445 746
125 211 699
616 181 816
65 227 473
479 594 483
6 537 334
105 588 733
638 166 65
518 400 33
508 897 439
978 639 246
60 170 745
362 770 50
518 468 559
143 62 604
190 187 227
603 5 301
768 424 348
396 567 231
665 153 1
617 174 787
668 598 580
224 729 261
158 426 268
312 735 453
169 563 571
211 236 891
711 65 751
960 546 768
754 788 218
565 943 89
273 816 580
837 389 270
886 831 810
640 322 320
881 627 21
411 455 894
984 358 1000
336 830 951
457 406 366
334 50 95
592 271 120
18 314 254
117 978 161
505 154 592
562 577 855
73 135 17
51 194 946
852 748 522
62 345 260
366 886 440
718 108 269
554 51 433
799 21 736
99 793 917
182 30 317
60 759 584
399 136 358
71 272 343
780 878 407
295 687 404
252 719 36
285 429 679
960 102 950
364 386 627
157 738 842
938 594 97
34 494 769
873 936 110
97 382 562
739 585 924
499 732 850
442 607 851
287 41 770
223 589 468
84 401 159
606 939 464
920 367 759
685 24 230
298 357 471
175 197 684
988 620 947
190 276 470
519 342 198
5
129 426 654 858 909 
500
546 655 159 59 795 792 342 838 901 233 676 737 439 959 581 86 14 285 254 728 286 427 671 537 282 371 550 349 78 200 836 574 138 352 732 618 234 572 377 530 732 45 343 468 1 529 917 635 1000 758 241 582 624 942 132 750 540 300 576 100 364 246 727 202 425 84 390 736 25 896 746 171 484 718 393 753 325 774 741 256 469 71 844 31 757 766 115 981 459 359 125 9 312 668 718 929 591 100 581 871 991 413 1 65 276 85 683 912 107 869 645 827 437 367 593 989 839 866 213 948 447 660 53 772 257 111 58 667 251 671 146 926 149 875 775 44 430 537 764 17 859 935 302 62 656 816 175 583 140 83 25 901 576 338 377 301 425 865 538 696 526 630 852 789 795 745 707 76 72 491 885 820 980 196 159 808 846 375 439 157 821 433 767 223 958 554 272 956 390 626 30 129 40 528 395 491 649 55 518 193 531 619 149 57 991 283 744 440 302 494 928 270 394 34 432 593 136 27 843 81 617 962 718 908 921 246 167 122 783 783 7 492 871 616 196 144 764 772 593 936 218 413 882 468 722 953 323 829 231 430 425 700 154 152 795 42 265 384 721 145 389 78 214 203 659 203 754 250 59 576 91 639 824 396 702 206 559 124 288 42 27 531 210 821 936 44 532 675 903 101 72 776 10 431 795 623 737 891 16 453 755 783 934 189 856 961 946 924 543 660 488 944 348 585 390 669 789 199 281 480 708 814 861 448 847 272 183 345 143 449 637 354 550 889 824 826 252 191 640 47 363 776 625 79 986 104 782 378 351 49 171 495 217 730 727 39 916 673 353 863 422 668 129 466 330 260 83 390 987 420 736 141 667 633 486 823 4 162 897 142 151 433 873 362 771 314 166 646 121 811 129 971 622 597 5 515 800 211 270 553 236 472 345 831 383 262 396 152 667 84 711 759 373 296 907 15 453 285 906 813 22 342 576 291 526 612 168 983 784 388 794 51 680 269 275 885 630 336 461 106 512 993 825 551 17 61 802 760 310 924 68 301 226 257 141 49 656 808 450 492 761 383 837 220 271 680 726 520 810 702 632 325 808 726 302 284 970 489 165 964 125 535 771 852 998 725 512 68 266 841 380 956 29 662 433 228 161 140 667 238 