1400 2800 50
42 68 35 1 70 25 79 59 63 65 6 46 82 28 62 92 96 43 28 37 92 5 3 54 93 83 22 17 19 96 48 27 72 39 70 13 68 100 36 95 4 12 23 34 74 65 42 12 54 69 48 45 63 58 38 60 24 42 30 79 17 36 91 43 89 7 41 43 65 49 47 6 91 30 71 51 7 2 94 49 30 24 85 55 57 41 67 77 32 9 45 40 27 24 38 39 19 83 30 42 34 16 40 59 5 31 78 7 74 87 22 46 25 73 71 30 78 74 98 13 87 91 62 37 56 68 56 75 32 53 51 51 42 25 67 31 8 92 8 38 58 88 54 84 46 10 10 59 22 89 23 47 7 31 14 69 1 92 63 56 11 60 25 38 49 84 96 42 3 51 92 37 75 21 97 22 49 100 69 85 82 35 54 100 19 39 1 89 28 68 29 94 49 84 8 22 11 18 14 15 10 17 36 52 1 50 20 57 99 4 25 9 45 10 90 3 96 86 94 44 24 88 15 4 49 1 59 19 81 97 99 82 90 99 10 58 73 23 39 93 39 80 91 58 59 92 16 89 57 12 3 35 73 56 29 47 63 87 76 34 70 43 45 17 82 99 23 52 22 100 58 77 93 90 76 13 1 11 4 70 62 89 2 90 56 24 3 86 83 86 89 27 18 58 33 33 70 55 22 90 77 30 69 93 26 56 35 50 42 13 46 61 19 54 40 24 80 97 88 30 50 38 67 50 94 96 98 17 87 6 89 83 56 35 15 2 17 72 87 64 14 56 86 54 13 9 33 46 14 57 22 59 47 83 82 45 97 23 30 62 36 51 74 67 45 60 93 40 54 25 55 11 46 50 87 14 75 23 69 19 88 6 59 92 3 26 78 15 15 25 35 75 73 60 34 71 88 98 19 78 74 71 64 69 93 86 3 81 14 28 3 100 28 26 44 25 24 73 62 82 4 33 6 94 26 32 93 43 23 87 65 1 88 61 14 75 71 71 36 34 12 61 97 68 86 51 41 95 96 25 20 26 77 95 59 3 72 67 79 94 52 85 19 65 20 53 1 88 61 27 11 58 71 16 77 28 44 59 65 10 83 87 66 88 78 75 26 28 30 29 24 21 3 63 24 97 38 62 96 26 65 61 3 17 31 27 12 72 12 48 54 21 91 25 89 64 41 52 63 30 1 14 59 79 66 8 78 1 59 40 4 61 58 25 78 9 14 88 2 51 61 29 94 85 6 41 12 5 36 57 73 51 24 86 57 17 27 58 27 58 38 72 70 62 97 23 18 13 18 97 86 42 24 30 30 66 60 33 97 56 54 63 85 35 55 73 58 70 33 64 8 84 12 36 68 49 76 39 24 43 55 12 42 76 60 26 22 71 27 35 6 84 51 99 80 2 94 35 38 35 57 94 77 6 63 49 82 1 14 42 56 56 43 63 12 78 25 79 53 44 97 74 41 14 76 73 19 11 18 33 13 96 70 32 41 89 86 91 98 90 91 46 54 15 52 41 45 59 36 60 93 6 65 82 4 30 76 9 93 98 50 57 62 28 68 42 30 41 14 75 2 78 16 84 14 93 25 2 93 60 71 29 28 85 76 87 99 71 88 48 5 4 22 64 7 64 11 72 90 41 65 43 20 14 92 5 19 33 51 6 76 40 4 23 99 48 85 49 72 65 14 76 46 13 47 79 70 63 20 86 90 45 66 41 46 9 19 71 2 24 33 73 53 88 71 64 2 4 24 28 1 70 16 66 29 44 48 89 44 38 10 64 50 82 89 43 9 61 22 59 55 89 47 91 50 44 31 21 49 68 37 84 36 27 86 39 54 30 25 49 24 60 58 67 45 56 19 27 12 26 56 2 50 97 85 16 65 43 76 14 43 97 49 73 27 7 74 30 5 6 27 13 76 94 66 37 37 42 15 95 57 53 37 39 83 56 16 32 31 42 26 12 38 87 91 51 63 35 94 54 17 53 9 63 34 55 4 35 4 57 49 25 18 14 10 29 1 81 19 59 51 56 62 65 4 77 44 10 3 62 90 49 83 54 75 21 3 24 32 70 79 60 9 20 72 4 46 82 5 93 86 14 99 90 23 39 38 11 62 35 9 62 60 94 16 70 38 70 59 1 72 65 18 16 56 16 31 40 13 89 83 55 86 11 85 75 81 16 52 42 16 80 11 99 74 89 78 33 57 90 14 9 42 91 24 64 29 85 79 1 72 86 75 72 34 68 54 96 69 26 77 30 51 99 10 94 87 81 17 50 68 29 80 65 22 6 27 17 17 27 67 88 82 65 41 87 22 63 22 65 10 16 3 74 25 42 46 63 24 32 7 69 19 3 8 8 82 13 37 31 15 10 85 57 91 94 97 53 55 46 9 49 92 13 32 15 40 59 23 5 96 53 70 80 39 24 19 67 60 99 87 97 63 34 59 23 47 93 38 26 48 59 3 8 99 31 93 1 79 100 53 49 83 41 16 76 63 68 37 98 19 98 29 52 17 31 50 26 59 30 21 41 61 48 63 56 76 93 62 55 99 47 15 47 89 70 39 64 76 16 22 76 16 29 35 71 6 65 58 63 62 25 50 70 31 24 51 34 26 11 38 37 38 79 94 37 15 65 92 50 36 6 38 5 38 24 65 71 9 69 82 86 53 74 53 95 77 27 97 73 50 41 75 20 44 12 42 90 20 66 6 86 17 51 16 10 65 67 94 75 10 1 96 74 90 62 73 69 59 32 69 27 11 23 75 80 11 53 83 92 96 65 75 65 3 56 61 75 73 22 23 48 78 90 6 96 95 51 44 55 82 13 73 40 29 13 63 68 9 16 9 24 60 35 5 87 20 59 46 7 67 1 68 93 88 33 57 75 48 22 84 23 32 77 84 49 24 83 19 77 21 12 83 57 91 26 25 87 78 70 44 35 78 69 69 92 97 84 29 28 27 72 98 13 4 28 9 46 9 86 39 38 44 14 2 51 29 12 51 50 93 55 70 82 66 68 14 94 35 73 73 31 2 43 78 78 71 3 65 82 91 24 38 24 80 96 70 28 43 11 83 59 27 88 71 29 52 59 14 61 84 87 43 11 73 29 35 42 19 4 68 66 39 82 58 51 15 99 59 62 64 57 8 79 90 36 66 76 87 87 34 61 31 49 29 93 34 41 67 36 
1 2 211
2 3 400
3 4 638
4 5 893
5 6 1183
6 7 329
7 8 1353
8 9 170
9 10 445
10 11 795
11 12 1009
12 13 853
13 14 448
14 15 633
15 16 1136
16 17 209
17 18 465
18 19 698
19 20 844
20 21 1050
21 22 1016
22 23 242
23 24 190
24 25 701
25 26 213
26 27 1249
27 28 1124
28 29 252
29 30 675
30 31 634
31 32 492
32 33 601
33 34 255
34 35 191
35 36 498
36 37 720
37 38 981
38 39 179
39 40 332
40 41 345
41 42 541
42 43 888
43 44 900
44 45 126
45 46 84
46 47 1339
47 48 493
48 49 594
49 50 253
50 51 1212
51 52 161
52 53 435
53 54 441
54 55 698
55 56 1386
56 57 330
57 58 741
58 59 606
59 60 792
60 61 793
61 62 611
62 63 950
63 64 579
64 65 380
65 66 172
66 67 878
67 68 74
68 69 594
69 70 221
70 71 498
71 72 1227
72 73 477
73 74 191
74 75 983
75 76 979
76 77 1360
77 78 819
78 79 1290
79 80 160
80 81 650
81 82 325
82 83 673
83 84 581
84 85 409
85 86 1368
86 87 409
87 88 878
88 89 304
89 90 1371
90 91 408
91 92 197
92 93 875
93 94 1123
94 95 12
95 96 820
96 97 762
97 98 1257
98 99 291
99 100 364
100 101 1284
101 102 1117
102 103 333
103 104 253
104 105 1342
105 106 755
106 107 1214
107 108 63
108 109 597
109 110 61
110 111 1016
111 112 1105
112 113 1200
113 114 537
114 115 481
115 116 799
116 117 433
117 118 388
118 119 385
119 120 241
120 121 718
121 122 207
122 123 271
123 124 242
124 125 683
125 126 50
126 127 724
127 128 959
128 129 906
129 130 222
130 131 296
131 132 297
132 133 117
133 134 279
134 135 379
135 136 980
136 137 1259
137 138 978
138 139 151
139 140 8
140 141 1330
141 142 282
142 143 196
143 144 1279
144 145 877
145 146 1154
146 147 1300
147 148 585
148 149 166
149 150 294
150 151 1009
151 152 573
152 153 44
153 154 530
154 155 515
155 156 369
156 157 856
157 158 1392
158 159 374
159 160 523
160 161 1149
161 162 52
162 163 1187
163 164 745
164 165 1047
165 166 778
166 167 1318
167 168 630
168 169 517
169 170 275
170 171 392
171 172 70
172 173 513
173 174 1147
174 175 1294
175 176 692
176 177 16
177 178 350
178 179 258
179 180 1041
180 181 853
181 182 237
182 183 152
183 184 1088
184 185 427
185 186 163
186 187 156
187 188 784
188 189 1395
189 190 781
190 191 698
191 192 266
192 193 466
193 194 1114
194 195 862
195 196 1379
196 197 79
197 198 79
198 199 141
199 200 412
200 201 1148
201 202 1046
202 203 171
203 204 576
204 205 890
205 206 951
206 207 550
207 208 534
208 209 1266
209 210 1215
210 211 483
211 212 408
212 213 833
213 214 497
214 215 968
215 216 523
216 217 683
217 218 1011
218 219 842
219 220 232
220 221 788
221 222 1106
222 223 880
223 224 722
224 225 939
225 226 552
226 227 1248
227 228 409
228 229 1247
229 230 1277
230 231 560
231 232 790
232 233 1023
233 234 1067
234 235 87
235 236 656
236 237 629
237 238 215
238 239 661
239 240 1254
240 241 578
241 242 549
242 243 1304
243 244 1062
244 245 32
245 246 1083
246 247 1256
247 248 198
248 249 1107
249 250 353
250 251 422
251 252 497
252 253 1082
253 254 822
254 255 656
255 256 548
256 257 525
257 258 119
258 259 736
259 260 177
260 261 375
261 262 460
262 263 1199
263 264 875
264 265 854
265 266 1323
266 267 836
267 268 244
268 269 889
269 270 1154
270 271 633
271 272 548
272 273 681
273 274 327
274 275 479
275 276 851
276 277 802
277 278 1162
278 279 200
279 280 1256
280 281 1164
281 282 117
282 283 774
283 284 762
284 285 846
285 286 874
286 287 275
287 288 151
288 289 554
289 290 1182
290 291 88
291 292 1300
292 293 1311
293 294 444
294 295 666
295 296 173
296 297 1130
297 298 182
298 299 713
299 300 877
300 301 182
301 302 1248
302 303 291
303 304 1272
304 305 406
305 306 173
306 307 633
307 308 1190
308 309 921
309 310 766
310 311 32
311 312 1259
312 313 94
313 314 407
314 315 1379
315 316 149
316 317 807
317 318 572
318 319 1367
319 320 597
320 321 1298
321 322 221
322 323 1295
323 324 130
324 325 789
325 326 710
326 327 1185
327 328 770
328 329 979
329 330 618
330 331 1216
331 332 1227
332 333 885
333 334 769
334 335 1107
335 336 729
336 337 898
337 338 119
338 339 591
339 340 1200
340 341 586
341 342 487
342 343 1000
343 344 1221
344 345 1111
345 346 72
346 347 414
347 348 816
348 349 486
349 350 319
350 351 781
351 352 1332
352 353 268
353 354 1388
354 355 845
355 356 787
356 357 508
357 358 161
358 359 1028
359 360 75
360 361 1232
361 362 153
362 363 872
363 364 469
364 365 494
365 366 286
366 367 338
367 368 512
368 369 805
369 370 78
370 371 407
371 372 769
372 373 1023
373 374 1214
374 375 801
375 376 543
376 377 738
377 378 639
378 379 389
379 380 356
380 381 690
381 382 848
382 383 382
383 384 494
384 385 1185
385 386 1188
386 387 962
387 388 894
388 389 1218
389 390 1102
390 391 683
391 392 48
392 393 266
393 394 954
394 395 1105
395 396 1085
396 397 896
397 398 926
398 399 822
399 400 1165
400 401 782
401 402 673
402 403 1107
403 404 857
404 405 544
405 406 194
406 407 481
407 408 681
408 409 869
409 410 412
410 411 1114
411 412 1369
412 413 452
413 414 617
414 415 880
415 416 769
416 417 241
417 418 732
418 419 334
419 420 1380
420 421 1064
421 422 1060
422 423 54
423 424 1337
424 425 696
425 426 566
426 427 675
427 428 721
428 429 236
429 430 481
430 431 577
431 432 256
432 433 126
433 434 1272
434 435 1009
435 436 960
436 437 757
437 438 3
438 439 1033
439 440 906
440 441 641
441 442 376
442 443 563
443 444 486
444 445 963
445 446 81
446 447 437
447 448 998
448 449 403
449 450 709
450 451 281
451 452 1141
452 453 877
453 454 659
454 455 694
455 456 741
456 457 147
457 458 875
458 459 974
459 460 898
460 461 481
461 462 936
462 463 1273
463 464 1001
464 465 708
465 466 556
466 467 1067
467 468 1342
468 469 1189
469 470 1282
470 471 369
471 472 316
472 473 1197
473 474 826
474 475 1010
475 476 1013
476 477 1337
477 478 256
478 479 563
479 480 1244
480 481 743
481 482 22
482 483 1123
483 484 713
484 485 849
485 486 819
486 487 769
487 488 1318
488 489 1315
489 490 851
490 491 691
491 492 536
492 493 160
493 494 370
494 495 896
495 496 1104
496 497 241
497 498 980
498 499 400
499 500 1106
500 501 992
501 502 462
502 503 282
503 504 853
504 505 354
505 506 234
506 507 1230
507 508 588
508 509 43
509 510 1054
510 511 484
511 512 221
512 513 415
513 514 519
514 515 1045
515 516 264
516 517 230
517 518 1053
518 519 665
519 520 570
520 521 1071
521 522 1006
522 523 48
523 524 195
524 525 488
525 526 527
526 527 477
527 528 324
528 529 941
529 530 680
530 531 191
531 532 389
532 533 911
533 534 1272
534 535 1146
535 536 1222
536 537 471
537 538 584
538 539 1190
539 540 156
540 541 779
541 542 980
542 543 807
543 544 663
544 545 536
545 546 1088
546 547 597
547 548 1034
548 549 689
549 550 336
550 551 180
551 552 594
552 553 791
553 554 1163
554 555 766
555 556 1202
556 557 906
557 558 608
558 559 768
559 560 1270
560 561 335
561 562 472
562 563 58
563 564 399
564 565 746
565 566 998
566 567 219
567 568 439
568 569 845
569 570 373
570 571 164
571 572 29
572 573 1265
573 574 802
574 575 724
575 576 891
576 577 605
577 578 802
578 579 428
579 580 1398
580 581 1293
581 582 172
582 583 764
583 584 1302
584 585 1364
585 586 722
586 587 766
587 588 622
588 589 1046
589 590 411
590 591 496
591 592 1342
592 593 1023
593 594 1013
594 595 1152
595 596 616
596 597 1056
597 598 594
598 599 339
599 600 1280
600 601 283
601 602 209
602 603 55
603 604 1023
604 605 508
605 606 446
606 607 1339
607 608 145
608 609 1291
609 610 540
610 611 755
611 612 805
612 613 424
613 614 1226
614 615 479
615 616 725
616 617 1182
617 618 931
618 619 334
619 620 224
620 621 995
621 622 1131
622 623 647
623 624 788
624 625 46
625 626 606
626 627 217
627 628 151
628 629 890
629 630 739
630 631 964
631 632 136
632 633 698
633 634 10
634 635 631
635 636 825
636 637 509
637 638 138
638 639 675
639 640 1121
640 641 773
641 642 494
642 643 1056
643 644 1135
644 645 1162
645 646 257
646 647 1007
647 648 1185
648 649 76
649 650 383
650 651 120
651 652 1142
652 653 1033
653 654 885
654 655 180
655 656 1080
656 657 84
657 658 1068
658 659 37
659 660 326
660 661 319
661 662 138
662 663 1229
663 664 1320
664 665 978
665 666 938
666 667 92
667 668 957
668 669 396
669 670 661
670 671 902
671 672 394
672 673 633
673 674 737
674 675 381
675 676 876
676 677 308
677 678 185
678 679 75
679 680 320
680 681 191
681 682 877
682 683 642
683 684 552
684 685 1330
685 686 891
686 687 575
687 688 673
688 689 792
689 690 990
690 691 388
691 692 691
692 693 440
693 694 894
694 695 254
695 696 264
696 697 882
697 698 704
698 699 406
699 700 377
700 701 280
701 702 296
702 703 540
703 704 269
704 705 1399
705 706 84
706 707 1240
707 708 116
708 709 1022
709 710 594
710 711 427
711 712 323
712 713 39
713 714 1029
714 715 1382
715 716 600
716 717 579
717 718 692
718 719 1024
719 720 344
720 721 1035
721 722 244
722 723 350
723 724 1303
724 725 308
725 726 903
726 727 1342
727 728 888
728 729 1347
729 730 492
730 731 838
731 732 214
732 733 201
733 734 417
734 735 891
735 736 563
736 737 536
737 738 1127
738 739 1211
739 740 278
740 741 183
741 742 1061
742 743 590
743 744 106
744 745 1275
745 746 1264
746 747 1123
747 748 1396
748 749 167
749 750 961
750 751 439
751 752 389
752 753 812
753 754 246
754 755 1068
755 756 226
756 757 268
757 758 590
758 759 743
759 760 464
760 761 548
761 762 1103
762 763 218
763 764 700
764 765 1224
765 766 427
766 767 404
767 768 649
768 769 52
769 770 171
770 771 237
771 772 1059
772 773 768
773 774 57
774 775 1006
775 776 332
776 777 563
777 778 220
778 779 976
779 780 757
780 781 532
781 782 696
782 783 1045
783 784 1192
784 785 204
785 786 589
786 787 716
787 788 451
788 789 1120
789 790 673
790 791 592
791 792 1384
792 793 334
793 794 376
794 795 843
795 796 1170
796 797 101
797 798 1155
798 799 879
799 800 786
800 801 858
801 802 134
802 803 894
803 804 691
804 805 304
805 806 551
806 807 434
807 808 923
808 809 472
809 810 12
810 811 791
811 812 939
812 813 642
813 814 859
814 815 848
815 816 953
816 817 1259
817 818 480
818 819 103
819 820 484
820 821 791
821 822 203
822 823 169
823 824 223
824 825 96
825 826 536
826 827 1209
827 828 1162
828 829 1343
829 830 1195
830 831 1300
831 832 789
832 833 579
833 834 1243
834 835 558
835 836 142
836 837 448
837 838 470
838 839 946
839 840 181
840 841 1114
841 842 965
842 843 511
843 844 462
844 845 186
845 846 474
846 847 905
847 848 1063
848 849 504
849 850 103
850 851 1270
851 852 955
852 853 730
853 854 753
854 855 1275
855 856 950
856 857 931
857 858 845
858 859 1045
859 860 450
860 861 119
861 862 266
862 863 1164
863 864 1353
864 865 774
865 866 271
866 867 332
867 868 1148
868 869 512
869 870 270
870 871 399
871 872 699
872 873 104
873 874 753
874 875 480
875 876 54
876 877 444
877 878 523
878 879 289
879 880 164
880 881 635
881 882 51
882 883 223
883 884 241
884 885 912
885 886 1093
886 887 52
887 888 581
888 889 78
889 890 1017
890 891 477
891 892 979
892 893 1021
893 894 616
894 895 1349
895 896 199
896 897 1380
897 898 836
898 899 58
899 900 84
900 901 263
901 902 703
902 903 263
903 904 1221
904 905 171
905 906 823
906 907 874
907 908 642
908 909 87
909 910 889
910 911 1118
911 912 918
912 913 493
913 914 1099
914 915 68
915 916 550
916 917 66
917 918 590
918 919 1333
919 920 420
920 921 682
921 922 604
922 923 1131
923 924 429
924 925 432
925 926 590
926 927 753
927 928 431
928 929 973
929 930 265
930 931 808
931 932 1096
932 933 229
933 934 282
934 935 291
935 936 11
936 937 978
937 938 272
938 939 37
939 940 860
940 941 1044
941 942 41
942 943 1034
943 944 438
944 945 94
945 946 231
946 947 675
947 948 394
948 949 783
949 950 4
950 951 662
951 952 1291
952 953 63
953 954 1308
954 955 1398
955 956 352
956 957 224
957 958 491
958 959 1318
959 960 1041
960 961 704
961 962 1367
962 963 684
963 964 1262
964 965 260
965 966 46
966 967 787
967 968 452
968 969 566
969 970 2
970 971 41
971 972 410
972 973 98
973 974 684
974 975 1251
975 976 1259
976 977 22
977 978 176
978 979 1182
979 980 188
980 981 472
981 982 88
982 983 1400
983 984 1305
984 985 1180
985 986 739
986 987 901
987 988 531
988 989 1062
989 990 919
990 991 206
991 992 541
992 993 629
993 994 660
994 995 423
995 996 399
996 997 961
997 998 499
998 999 336
999 1000 682
1000 1001 1215
1001 1002 1368
1002 1003 294
1003 1004 597
1004 1005 962
1005 1006 747
1006 1007 739
1007 1008 671
1008 1009 939
1009 1010 477
1010 1011 556
1011 1012 1118
1012 1013 972
1013 1014 1361
1014 1015 153
1015 1016 1159
1016 1017 34
1017 1018 56
1018 1019 1066
1019 1020 727
1020 1021 1002
1021 1022 235
1022 1023 160
1023 1024 594
1024 1025 1149
1025 1026 674
1026 1027 593
1027 1028 794
1028 1029 334
1029 1030 738
1030 1031 304
1031 1032 891
1032 1033 212
1033 1034 1095
1034 1035 869
1035 1036 428
1036 1037 499
1037 1038 990
1038 1039 1249
1039 1040 1080
1040 1041 448
1041 1042 1350
1042 1043 132
1043 1044 670
1044 1045 76
1045 1046 399
1046 1047 250
1047 1048 237
1048 1049 800
1049 1050 524
1050 1051 44
1051 1052 332
1052 1053 1355
1053 1054 462
1054 1055 235
1055 1056 986
1056 1057 168
1057 1058 1017
1058 1059 194
1059 1060 1305
1060 1061 467
1061 1062 154
1062 1063 909
1063 1064 224
1064 1065 485
1065 1066 1393
1066 1067 268
1067 1068 249
1068 1069 270
1069 1070 1331
1070 1071 12
1071 1072 215
1072 1073 691
1073 1074 1228
1074 1075 1344
1075 1076 205
1076 1077 800
1077 1078 1075
1078 1079 196
1079 1080 507
1080 1081 959
1081 1082 790
1082 1083 59
1083 1084 1210
1084 1085 1090
1085 1086 248
1086 1087 41
1087 1088 1019
1088 1089 965
1089 1090 1176
1090 1091 27
1091 1092 1290
1092 1093 1104
1093 1094 667
1094 1095 1213
1095 1096 1241
1096 1097 1371
1097 1098 677
1098 1099 196
1099 1100 642
1100 1101 587
1101 1102 852
1102 1103 110
1103 1104 1188
1104 1105 484
1105 1106 86
1106 1107 991
1107 1108 451
1108 1109 487
1109 1110 556
1110 1111 182
1111 1112 129
1112 1113 303
1113 1114 478
1114 1115 63
1115 1116 1225
1116 1117 766
1117 1118 1073
1118 1119 833
1119 1120 86
1120 1121 429
1121 1122 1047
1122 1123 1290
1123 1124 879
1124 1125 1084
1125 1126 1126
1126 1127 266
1127 1128 461
1128 1129 846
1129 1130 1179
1130 1131 222
1131 1132 1256
1132 1133 1121
1133 1134 328
1134 1135 974
1135 1136 1335
1136 1137 652
1137 1138 276
1138 1139 737
1139 1140 935
1140 1141 2
1141 1142 1338
1142 1143 911
1143 1144 375
1144 1145 591
1145 1146 757
1146 1147 1072
1147 1148 1281
1148 1149 1136
1149 1150 1346
1150 1151 483
1151 1152 426
1152 1153 519
1153 1154 974
1154 1155 513
1155 1156 438
1156 1157 799
1157 1158 106
1158 1159 163
1159 1160 318
1160 1161 293
1161 1162 1340
1162 1163 48
1163 1164 1147
1164 1165 904
1165 1166 832
1166 1167 316
1167 1168 840
1168 1169 659
1169 1170 1230
1170 1171 1246
1171 1172 595
1172 1173 400
1173 1174 46
1174 1175 273
1175 1176 676
1176 1177 863
1177 1178 1273
1178 1179 1174
1179 1180 1081
1180 1181 39
1181 1182 298
1182 1183 743
1183 1184 209
1184 1185 1004
1185 1186 878
1186 1187 526
1187 1188 535
1188 1189 2
1189 1190 679
1190 1191 183
1191 1192 570
1192 1193 1137
1193 1194 879
1194 1195 1140
1195 1196 139
1196 1197 522
1197 1198 627
1198 1199 864
1199 1200 278
1200 1201 576
1201 1202 1125
1202 1203 782
1203 1204 1101
1204 1205 962
1205 1206 863
1206 1207 603
1207 1208 249
1208 1209 1296
1209 1210 685
1210 1211 217
1211 1212 1138
1212 1213 1108
1213 1214 1394
1214 1215 285
1215 1216 145
1216 1217 860
1217 1218 822
1218 1219 59
1219 1220 844
1220 1221 869
1221 1222 878
1222 1223 120
1223 1224 458
1224 1225 642
1225 1226 492
1226 1227 65
1227 1228 224
1228 1229 1316
1229 1230 1073
1230 1231 1130
1231 1232 842
1232 1233 516
1233 1234 816
1234 1235 1337
1235 1236 958
1236 1237 1160
1237 1238 701
1238 1239 853
1239 1240 894
1240 1241 442
1241 1242 630
1242 1243 1249
1243 1244 1028
1244 1245 599
1245 1246 825
1246 1247 525
1247 1248 1075
1248 1249 1334
1249 1250 486
1250 1251 1039
1251 1252 971
1252 1253 1263
1253 1254 430
1254 1255 885
1255 1256 710
1256 1257 879
1257 1258 1324
1258 1259 486
1259 1260 1
1260 1261 625
1261 1262 194
1262 1263 706
1263 1264 1013
1264 1265 366
1265 1266 168
1266 1267 8
1267 1268 878
1268 1269 1185
1269 1270 705
1270 1271 791
1271 1272 35
1272 1273 1092
1273 1274 622
1274 1275 1286
1275 1276 1135
1276 1277 1391
1277 1278 943
1278 1279 1199
1279 1280 1087
1280 1281 1219
1281 1282 222
1282 1283 1025
1283 1284 198
1284 1285 377
1285 1286 455
1286 1287 270
1287 1288 1309
1288 1289 328
1289 1290 1294
1290 1291 869
1291 1292 767
1292 1293 703
1293 1294 1039
1294 1295 1
1295 1296 1020
1296 1297 319
1297 1298 891
1298 1299 985
1299 1300 940
1300 1301 1157
1301 1302 609
1302 1303 433
1303 1304 479
1304 1305 215
1305 1306 1188
1306 1307 240
1307 1308 75
1308 1309 1221
1309 1310 1028
1310 1311 1155
1311 1312 589
1312 1313 442
1313 1314 1399
1314 1315 1043
1315 1316 803
1316 1317 922
1317 1318 705
1318 1319 1347
1319 1320 57
1320 1321 310
1321 1322 434
1322 1323 909
1323 1324 162
1324 1325 934
1325 1326 1087
1326 1327 805
1327 1328 1186
1328 1329 343
1329 1330 643
1330 1331 461
1331 1332 1162
1332 1333 821
1333 1334 144
1334 1335 1179
1335 1336 1188
1336 1337 114
1337 1338 464
1338 1339 392
1339 1340 335
1340 1341 816
1341 1342 657
1342 1343 362
1343 1344 1213
1344 1345 412
1345 1346 760
1346 1347 852
1347 1348 539
1348 1349 771
1349 1350 925
1350 1351 1308
1351 1352 1008
1352 1353 785
1353 1354 1152
1354 1355 702
1355 1356 490
1356 1357 1159
1357 1358 42
1358 1359 391
1359 1360 214
1360 1361 1013
1361 1362 856
1362 1363 61
1363 1364 94
1364 1365 73
1365 1366 203
1366 1367 477
1367 1368 944
1368 1369 374
1369 1370 667
1370 1371 1052
1371 1372 1276
1372 1373 529
1373 1374 533
1374 1375 962
1375 1376 1270
1376 1377 304
1377 1378 530
1378 1379 308
1379 1380 1293
1380 1381 1052
1381 1382 1154
1382 1383 393
1383 1384 171
1384 1385 920
1385 1386 1273
1386 1387 1008
1387 1388 95
1388 1389 1106
1389 1390 441
1390 1391 784
1391 1392 263
1392 1393 410
1393 1394 608
1394 1395 1239
1395 1396 161
1396 1397 1272
1397 1398 1372
1398 1399 1055
1399 1400 548
314 524 230
489 1167 1088
356 33 471
539 1067 123
283 1161 754
905 492 1260
186 888 430
43 318 1046
1156 789 253
354 1067 634
1160 320 432
1138 268 577
99 515 921
453 208 1070
416 1323 243
1007 64 1061
147 1194 631
517 644 577
114 1227 318
1334 1021 172
192 565 955
666 694 1265
1375 401 1013
100 552 277
779 1144 1078
989 362 186
1272 235 1145
161 364 505
346 89 709
957 31 924
864 1275 147
1237 582 119
12 893 792
1032 524 862
191 662 731
498 570 492
1 180 318
917 315 196
42 337 868
29 654 1310
1373 1182 304
1369 1217 484
167 1186 403
1030 358 682
167 1311 467
887 572 678
445 565 639
1071 648 916
392 712 458
6 54 172
980 341 131
1075 521 591
777 1199 1187
604 290 32
344 1389 11
518 320 60
327 610 120
479 317 701
396 54 259
1230 794 7
449 855 473
960 1095 855
1133 147 30
671 629 760
1241 22 289
966 834 86
870 130 62
460 809 583
1162 307 1279
779 498 888
938 470 1384
740 396 267
433 910 758
917 935 1254
1335 1059 1194
1043 694 1067
551 1341 1295
337 975 1113
497 1152 1296
817 1093 293
637 931 614
97 711 190
29 210 787
944 641 1183
569 521 794
692 963 215
1327 208 595
305 714 12
713 1094 65
1003 996 963
381 347 510
1048 769 25
111 955 36
1127 634 241
462 1128 978
18 941 343
1100 401 959
476 355 1136
1030 232 296
737 224 1123
127 30 812
811 555 281
1053 494 322
1185 1329 644
200 756 872
870 453 976
631 1041 535
1240 987 835
248 140 766
196 513 263
1252 1332 188
664 358 249
156 571 1251
582 302 694
299 933 845
131 76 205
850 1027 67
538 202 24
1243 442 581
96 919 860
1363 29 730
1088 855 214
1179 370 667
679 978 1238
602 716 893
323 73 49
923 1354 549
595 1398 309
508 612 1394
665 182 403
810 1029 657
1105 566 1224
1169 516 654
1005 1285 79
1345 841 834
1085 301 1169
194 1234 1286
348 82 1233
856 511 1073
582 102 1107
835 1061 272
127 138 1344
1368 234 1196
1171 604 943
1211 880 235
512 794 531
161 835 459
926 307 992
443 589 828
519 1285 1025
893 1036 625
95 783 468
227 1006 1347
486 1190 941
38 451 560
1178 957 478
1003 43 701
411 1026 144
595 17 16
804 7 369
841 936 699
1325 314 24
1312 819 258
196 1340 87
1294 847 444
722 312 881
1055 1159 248
870 991 1074
127 614 655
1096 1273 651
442 442 47
1125 214 25
1129 296 204
1394 994 868
1187 441 1280
241 1326 1335
660 601 708
421 1093 94
917 718 804
1143 1094 840
1011 326 229
378 949 51
492 1245 855
1223 554 837
747 347 827
661 1105 439
771 287 1006
1099 1057 529
1267 952 620
391 1367 118
646 294 388
22 513 1268
299 245 498
1201 529 1143
104 369 369
42 897 63
920 245 1319
1225 220 785
1374 1185 660
549 215 96
1303 833 1252
137 215 1364
451 1220 491
717 684 1119
1384 653 787
469 1049 938
997 425 769
427 149 1194
582 1272 1070
893 1278 1015
904 485 144
295 212 1294
892 1199 591
100 891 94
1074 150 1175
914 574 270
1218 266 34
1238 312 653
863 909 1350
688 1046 632
1120 307 1072
1168 822 1259
1357 1248 783
39 323 924
906 507 390
1356 946 1152
1323 119 751
697 637 792
806 311 614
651 681 1245
943 742 46
578 750 706
714 186 828
224 405 357
117 628 556
302 287 1269
498 580 412
1289 959 891
1375 411 333
489 697 751
712 523 1330
672 637 78
1353 1377 871
685 453 352
997 152 1002
435 1294 1073
1117 1117 129
111 1326 639
696 740 345
1056 227 303
158 789 822
186 109 378
29 980 348
1349 1281 646
1328 63 627
519 878 1092
1247 1186 832
406 285 955
1369 710 1357
22 546 866
616 861 1098
135 991 78
50 6 887
988 476 544
577 331 488
1355 83 54
1000 1155 290
288 16 809
510 941 1200
197 1308 55
304 1238 686
1299 1393 214
412 483 384
1351 730 338
833 1201 1065
1283 658 569
310 969 909
1241 1133 1238
484 300 502
469 584 1257
93 641 888
1012 1211 221
835 264 816
697 478 1375
334 954 1334
878 887 425
1334 1276 1350
1312 385 1225
1192 905 823
1255 714 463
673 485 361
322 854 1198
622 151 338
1317 1207 732
1197 906 1237
557 1000 291
498 986 448
1084 593 526
596 456 1029
1338 543 429
395 1343 638
1306 1168 854
1393 506 347
809 1325 255
66 1040 1007
409 93 1100
1375 237 662
1047 219 1214
127 313 1297
909 1242 531
690 635 916
686 724 1067
1344 537 1038
1216 294 550
171 1045 378
1085 1001 591
485 326 319
468 207 1330
208 542 226
136 781 717
1070 1385 748
728 1337 605
900 524 1165
12 641 251
304 1084 767
741 1271 1046
706 689 857
1307 1267 258
278 200 75
155 1392 591
432 59 1197
517 291 1168
307 1235 247
262 1203 1240
626 896 107
1314 551 387
1079 977 623
1279 102 413
77 365 358
370 439 513
344 1162 181
1 1244 857
1261 1248 340
208 891 653
979 419 420
207 1285 748
577 276 414
509 772 643
939 737 422
501 835 1330
358 37 470
497 505 599
3 706 1239
1032 466 1317
481 180 624
327 372 514
582 541 1017
488 1320 1390
1313 60 1252
72 884 165
438 213 385
759 1102 1175
733 860 1115
1049 996 523
741 817 1378
1052 566 292
138 711 1368
1055 1188 625
23 1040 842
1048 205 1235
1168 642 473
468 375 977
937 1034 442
145 1219 216
574 1053 847
556 325 1367
181 1145 41
1334 1297 677
1227 1206 619
92 842 866
791 72 660
1300 618 617
543 625 265
705 1158 703
666 876 1247
832 390 447
745 404 553
1101 1327 1154
184 50 951
605 547 1026
970 337 596
1393 124 1333
856 497 411
976 93 551
1290 1196 1253
550 1316 237
1361 961 185
329 1135 451
83 7 537
384 991 618
1182 867 717
788 1026 502
11 851 383
621 994 439
1354 394 896
680 39 1368
620 146 84
66 897 34
590 233 590
1039 584 1218
1129 1154 880
413 801 1253
1145 262 752
318 964 814
907 155 677
617 12 230
864 567 1332
542 899 1323
355 988 1258
758 265 1163
110 147 266
1380 566 347
940 698 1043
464 795 1385
470 516 1
1206 1307 503
896 434 612
867 416 1046
775 755 1049
1119 480 1389
1121 593 798
1197 910 253
72 659 123
259 998 1200
499 1321 1321
1236 185 713
515 154 1286
1141 400 368
9 1245 770
281 680 109
407 1060 507
50 276 27
524 1008 975
85 529 747
345 882 515
549 369 739
707 194 1105
1105 298 18
555 1242 944
933 1298 680
1136 1356 434
554 931 453
304 680 1289
1070 955 873
1376 102 16
1286 32 681
375 861 915
538 1258 991
1238 982 48
1042 819 671
431 262 620
781 1391 234
272 164 303
502 329 1322
1098 648 1146
406 823 287
194 1178 245
483 548 641
485 1065 924
737 1254 569
130 1256 67
658 113 257
518 602 143
276 707 503
884 1024 871
1112 1251 876
711 251 996
1288 321 902
583 999 1293
648 1185 846
987 463 344
59 60 472
17 1173 433
641 884 689
1015 1377 317
99 40 484
405 398 1147
169 1276 918
987 1021 431
642 736 190
773 681 874
977 787 1382
985 523 146
1379 686 314
136 136 84
786 697 1049
685 753 522
860 983 1037
688 320 437
192 466 1079
1398 697 1187
12 1177 548
921 803 246
1102 565 740
1172 858 971
920 855 1160
1280 299 992
160 1111 192
667 1034 276
936 1100 976
590 377 457
672 1104 887
1367 1116 1143
1095 767 257
186 38 999
27 165 1086
865 709 741
1360 15 155
1212 153 539
306 1326 1231
1249 780 280
1313 839 318
22 146 392
569 840 509
1165 1363 1274
1281 971 748
453 309 909
1315 230 267
1089 664 572
1341 860 432
1172 1115 1167
788 1371 169
1199 656 1051
844 337 879
1206 28 514
523 172 928
273 1062 774
134 303 388
617 664 554
926 996 96
1213 1007 771
60 906 97
1033 424 653
1079 1120 527
793 786 466
571 45 308
471 288 100
1119 197 116
752 93 754
1257 991 1160
757 1087 810
265 487 1220
259 1314 1036
1028 1302 669
469 457 1132
578 875 196
44 475 717
1024 1112 386
122 572 258
96 1175 839
783 59 496
522 184 632
103 833 501
190 481 609
105 503 459
19 758 162
320 829 1257
513 533 693
382 1268 121
358 75 1188
694 784 365
664 115 147
590 626 1056
563 668 193
231 220 81
518 729 349
520 680 1292
966 988 209
926 826 360
718 421 236
514 257 348
1156 735 561
751 809 679
1294 1390 725
976 1295 1291
589 1373 420
901 703 1045
923 1340 1010
627 1038 1187
816 428 1170
823 900 115
615 845 1237
1269 579 877
1058 953 47
537 316 589
816 289 983
75 734 1116
1256 457 663
1216 725 930
842 585 673
50 997 1227
182 403 576
1216 1266 553
559 156 218
444 755 1244
1224 1200 423
121 334 614
317 394 874
860 376 675
385 302 823
608 796 1227
120 1092 1189
1129 673 178
393 9 1055
922 77 1138
17 1204 91
912 1090 454
579 300 1123
502 1003 770
1254 130 1335
1238 1075 1027
1063 135 573
548 1054 1104
907 319 134
837 1096 580
661 745 860
1161 908 977
872 1046 793
572 629 397
1211 136 436
1229 917 1133
1156 759 350
820 897 125
520 727 1007
583 646 1175
691 1389 1139
1064 1305 1278
753 143 205
1223 853 226
811 1243 325
349 536 991
346 329 56
1204 942 110
1181 180 1103
283 693 733
512 900 562
1247 6 1291
769 560 429
1139 229 981
271 779 841
256 1149 45
945 726 211
498 417 381
1015 465 827
73 880 1394
282 206 337
1333 1306 988
1332 239 366
1064 519 1400
832 709 1297
838 179 239
1245 1260 370
744 763 970
1249 1319 1068
758 1344 662
403 791 1187
1226 804 205
300 969 424
547 1197 367
31 666 953
1200 818 1174
1386 869 798
779 1025 929
1060 959 1026
867 1113 735
452 970 163
170 1212 1236
1290 312 665
550 961 546
767 755 1388
1217 766 543
688 474 16
979 38 989
1069 687 1231
1009 441 322
119 482 827
420 12 855
693 985 958
599 937 630
350 458 206
565 935 650
894 593 471
719 618 1314
1253 718 778
960 506 154
791 963 777
654 473 1335
616 1251 794
945 453 1148
321 1062 745
659 367 86
439 1319 708
1068 755 1251
432 1200 1221
1335 299 1393
1116 983 830
116 260 1159
383 1400 1136
1357 471 1272
1342 981 1278
1006 296 887
1003 1253 319
635 286 429
1278 761 102
1349 965 1186
1026 358 1338
641 739 394
296 234 294
368 1274 536
909 697 782
561 540 1385
723 500 1332
649 243 207
1250 288 841
369 824 189
1067 884 601
1358 207 139
1263 1321 167
358 86 624
629 1099 1357
1270 776 397
283 189 620
146 1391 1276
1069 320 342
997 146 255
158 59 195
1391 742 1038
900 633 76
136 639 159
1180 486 1014
1084 1054 1128
885 1027 71
536 482 971
949 1349 678
999 36 774
137 1352 732
1017 1034 1172
776 330 932
1244 743 1068
600 529 117
35 800 958
1240 582 1024
541 132 350
739 900 376
1299 364 646
726 202 825
283 390 1136
1024 696 746
570 284 718
392 753 125
173 1141 56
268 1071 44
230 357 966
314 181 59
1158 1125 409
111 1068 718
528 791 300
380 1271 191
212 1 1265
275 485 83
1111 507 69
244 27 1037
566 393 1189
638 466 613
147 447 60
1052 172 257
1310 1258 867
1050 71 546
1125 349 275
574 44 1030
1336 1164 417
858 135 302
661 456 1016
174 1183 340
882 25 1301
175 1138 1377
100 1225 465
937 1296 326
429 452 389
1394 945 707
275 672 891
1084 820 380
595 959 8
845 1375 639
156 821 1033
1366 623 558
553 1072 1356
989 1026 1030
328 640 128
794 91 249
55 1318 393
330 19 349
256 591 883
343 1240 302
493 528 270
993 34 32
792 1136 827
242 881 417
761 718 508
320 646 1167
721 1183 1383
406 892 1071
615 1196 544
563 772 1193
935 1018 213
281 868 122
152 523 429
31 430 425
899 154 1152
994 842 1265
1383 321 745
988 78 14
1002 259 3
1353 1250 859
1175 1091 839
1223 596 902
405 359 324
487 1042 27
1130 610 821
935 44 1332
474 1103 1101
671 576 1010
830 395 623
536 1291 816
1052 155 1383
1133 1389 1056
760 1146 124
1142 660 1088
343 1348 385
389 869 789
398 1081 880
507 414 1261
48 447 272
1382 1145 543
1048 437 1154
549 1289 24
625 852 591
639 1247 563
175 825 79
785 304 182
377 1151 449
570 295 617
129 327 639
515 673 153
462 822 1068
1328 466 330
259 283 1190
1186 420 136
740 467 1033
885 423 404
961 697 942
750 433 273
161 571 114
565 446 1121
410 1329 771
1021 797 1005
114 1200 811
70 1353 36
471 945 631
782 662 1196
551 1067 84
710 159 373
895 1107 615
852 685 506
612 22 742
975 1291 726
1011 1168 383
183 988 794
51 80 69
474 85 430
735 1261 306
511 1193 1225
950 17 1061
201 1360 1310
123 68 301
625 1257 941
248 856 408
449 92 561
582 637 820
870 80 326
1319 610 1302
1031 1325 608
125 1302 884
1169 1289 165
1363 325 535
1170 52 1398
1324 112 468
865 1241 580
1155 629 262
1032 28 761
739 467 1238
1248 1049 605
49 366 222
1133 576 642
314 948 563
154 277 655
658 322 1185
888 667 717
57 781 1230
737 1030 190
44 5 502
1384 321 1188
936 1053 583
128 767 73
1193 359 1380
983 388 1024
397 1297 1195
501 854 521
1103 873 21
532 754 1025
833 658 266
1332 1081 1368
166 491 869
526 429 480
144 304 1050
633 804 511
440 28 211
527 1283 1194
387 864 162
1165 600 1052
718 882 759
103 759 1239
178 665 658
972 222 123
556 1068 261
898 144 1035
241 220 153
63 12 12
793 606 1282
851 561 1099
271 443 95
884 536 1101
1155 356 724
650 1089 340
1210 818 933
948 411 696
1219 649 1390
371 452 896
24 838 1250
400 608 135
85 378 813
1041 105 297
762 1338 352
651 1333 766
738 846 229
1194 527 779
345 1329 6
1149 1258 1113
1001 1400 928
492 1354 1196
1342 168 550
1176 256 143
1348 704 416
48 1274 966
549 138 1370
331 971 854
368 53 579
1356 1182 96
786 1330 732
79 1060 353
889 1159 639
55 1373 9
456 372 1348
103 1312 1375
819 908 1006
199 789 662
1045 636 493
132 677 468
403 168 700
55 368 1013
914 730 194
777 455 1013
1231 890 927
447 100 1090
274 637 1013
587 758 104
1291 683 30
427 762 953
97 47 1184
197 355 1233
1302 346 877
224 682 1196
823 1033 344
202 1370 483
389 438 600
36 380 55
852 1000 351
732 946 1094
871 1250 191
1204 1378 506
1119 551 1129
628 123 269
385 1375 985
1051 685 438
1115 1190 482
874 1160 251
346 1261 828
1233 1022 362
1218 1147 351
263 1062 847
1058 1195 772
1145 903 1247
820 55 954
360 787 220
735 1217 514
735 593 1019
865 971 1337
1325 147 845
1312 83 16
905 527 802
773 107 281
793 191 392
414 424 258
1300 650 923
685 1163 1303
1268 375 953
49 1236 639
362 238 673
392 1001 1144
719 482 571
591 1146 385
114 486 680
599 883 387
519 1251 994
785 317 609
1088 1100 1226
296 1170 132
15 303 371
1337 799 278
1198 1252 689
463 1054 706
341 268 63
255 82 1296
19 273 1295
71 1139 122
46 524 1244
1165 519 336
137 400 700
592 1155 925
32 67 1230
122 157 1219
875 293 1311
161 533 129
1122 1350 678
1026 1349 1279
977 1339 1176
744 526 140
221 741 841
966 1082 1149
747 152 308
1351 311 958
477 410 404
576 741 824
174 55 370
706 286 1200
49 131 574
59 617 485
773 432 205
1383 392 223
1010 1388 165
568 395 580
223 510 858
1341 1286 78
24 673 429
235 950 1318
609 1144 68
1265 591 292
969 139 605
1176 13 1192
94 1010 421
197 263 1329
700 560 1043
240 290 95
242 821 487
546 1365 287
1271 144 1067
474 646 589
549 428 155
704 482 247
1357 686 715
550 433 1274
943 1113 433
883 640 769
389 884 610
987 596 646
512 640 136
49 80 608
430 1155 2
1340 644 119
1012 378 24
272 784 1086
286 521 858
702 440 807
1076 725 853
437 836 300
716 491 768
7 22 1176
720 1393 766
347 459 1085
531 30 983
505 963 290
523 71 143
882 197 981
369 873 516
651 937 556
1174 278 1155
929 1083 452
169 38 302
276 1005 474
361 198 196
725 1286 1063
1229 961 719
1073 1080 310
1262 425 375
682 476 816
1343 847 933
568 485 162
1272 87 1267
489 1352 405
433 395 677
598 405 1134
468 385 618
164 217 1215
67 997 74
148 1111 597
541 592 67
389 1221 956
548 252 882
72 1026 829
373 855 510
830 439 1392
1139 1054 849
1367 255 478
91 398 857
973 1190 263
936 30 289
739 786 842
1367 1321 361
48 582 983
7 790 185
803 961 463
332 793 244
64 124 612
940 693 44
1270 1120 850
912 977 646
1086 157 604
1364 1099 1109
278 539 1124
205 12 1394
717 944 1228
314 91 817
1201 940 1145
636 413 875
1233 341 602
583 136 1029
1233 438 1335
577 872 323
663 60 741
1368 483 449
766 891 428
458 1272 707
705 1202 235
370 1156 108
100 731 1276
403 440 995
89 665 74
448 159 881
287 165 1314
213 1253 1371
1178 1167 105
416 650 578
437 538 1260
832 1356 1106
926 338 1367
1114 756 1091
846 1383 36
493 1137 447
238 1257 604
114 400 642
1325 1275 1125
544 464 1150
1276 798 335
1247 27 444
444 993 762
469 976 340
896 1282 472
868 1314 1067
630 1007 510
490 1060 885
346 560 304
606 392 694
596 984 1151
757 436 13
1067 1070 366
503 174 1192
1116 550 316
718 444 589
1097 1112 1292
674 364 726
8 171 1122
727 1259 537
76 1222 377
399 1120 242
611 113 810
1235 864 1031
114 537 184
232 1189 540
1305 671 541
69 392 729
785 1338 1121
524 198 955
703 1295 1163
66 755 1101
102 315 830
1394 27 864
528 949 480
351 600 4
242 1081 217
1290 1099 59
330 154 152
862 445 650
685 56 1373
289 59 753
129 641 1261
1046 628 845
822 737 474
954 334 357
1251 192 1135
131 1323 480
1202 1377 581
669 1189 630
485 1003 1011
927 275 161
100 1243 256
593 266 729
772 1285 727
798 924 1002
787 1289 598
452 976 551
878 256 1294
830 407 1132
689 1166 322
727 165 441
113 990 311
888 1164 921
1188 22 465
403 1355 723
116 255 987
1225 1125 419
702 721 460
488 1283 142
1174 901 367
1022 155 153
850 117 627
1086 1003 738
901 1102 350
567 703 66
881 1044 1311
508 1290 59
384 1322 307
986 188 572
290 1173 719
673 154 1282
1262 1397 214
1051 1116 405
185 734 565
704 238 254
1184 934 173
321 745 1371
657 89 530
697 541 324
1301 1344 277
331 901 249
1013 254 712
1293 733 852
414 800 217
812 1235 1050
53 1313 342
809 851 781
769 1136 363
965 1312 218
1211 764 522
406 746 644
51 194 465
442 845 434
1336 903 26
959 1154 1208
606 744 130
1351 71 796
228 742 660
420 316 1345
1178 659 1185
738 984 439
937 1036 831
182 116 1281
621 26 953
804 1247 1213
404 1046 826
1244 1150 395
129 533 10
1316 1030 762
733 331 947
1332 84 74
1039 881 436
1187 971 390
629 1361 122
797 1390 564
1044 422 906
16 914 1335
199 538 416
164 1259 1112
1383 1247 1344
537 432 656
1051 552 691
652 1096 621
261 361 368
1273 1035 1334
1391 902 379
187 1280 901
1015 110 273
1261 353 1171
423 1265 338
1050 211 792
378 44 162
621 1319 1299
1183 134 296
709 73 469
303 265 46
449 651 647
342 45 956
1259 769 486
901 769 48
406 388 536
509 365 834
1151 941 426
924 1347 401
1238 832 22
417 1225 985
815 945 1353
819 471 168
519 1375 688
31 1346 317
45 900 1363
685 716 122
902 542 805
373 934 253
811 1030 825
1159 184 866
1045 1351 1227
191 298 814
1371 787 663
1190 1385 907
1218 623 1120
266 819 592
159 1167 304
879 1099 668
345 904 631
620 426 135
221 1034 836
487 394 628
548 1225 493
718 201 445
831 687 1296
308 754 398
792 322 20
507 1072 823
961 592 1053
1051 124 966
1156 381 1062
465 924 1101
628 1236 1354
812 1083 77
557 1090 493
1199 377 1062
1242 932 1061
300 439 81
820 1146 130
768 142 563
1234 834 71
682 201 561
1364 542 700
736 666 1234
1029 828 655
29 520 385
510 769 618
1397 1126 407
210 464 1249
490 770 1145
599 644 356
1264 538 1359
5
1030 1055 1210 1273 295 
700
407 112 15 348 294 730 1388 81 86 365 235 277 16 719 785 1048 1049 948 1356 1033 182 38 828 697 260 1325 1200 254 702 842 205 330 1016 1166 851 333 284 320 97 640 779 1039 1042 1204 407 221 471 850 1006 325 1279 588 985 30 140 899 374 239 1016 3 242 686 1064 1212 467 628 1184 1131 1366 883 1383 432 236 891 613 457 403 49 914 927 298 465 416 1094 1108 38 219 939 25 71 1384 746 929 860 484 1022 1338 361 550 1124 84 506 448 1314 1387 385 410 435 1301 571 840 158 69 1057 286 1193 223 534 536 184 28 700 262 1091 336 901 480 1374 1107 1286 446 610 637 382 1340 1300 702 1008 796 420 285 228 1356 361 1134 53 1001 604 889 1199 1276 370 305 191 1244 158 858 120 676 350 1391 1147 999 1268 1147 910 681 1080 982 808 720 1339 226 300 1171 1215 311 1156 433 166 419 921 838 265 710 1304 345 1251 1342 102 1145 628 942 111 97 825 84 299 841 1132 1371 1355 1136 1304 1246 1010 15 833 518 431 119 1233 414 291 262 133 1036 518 46 922 419 806 134 522 1247 771 389 1195 209 428 436 978 76 206 451 643 1055 919 1391 525 980 566 755 372 23 245 468 110 1011 673 1153 475 178 1098 1371 142 668 1142 618 1169 1266 722 456 1328 315 1284 738 1333 1350 1163 283 36 593 1336 531 1135 721 929 289 125 35 34 4 326 523 183 1161 266 1131 265 1224 923 287 909 639 232 166 827 163 564 1379 420 1052 342 116 477 169 322 699 1388 932 240 1340 953 231 875 1182 943 719 101 301 435 407 881 1391 1324 600 1169 486 35 256 545 1045 1309 1201 20 1119 950 948 581 1300 449 685 920 1133 941 689 1371 1098 434 1141 1223 546 1341 1128 51 83 1248 100 451 931 1397 305 932 606 52 83 540 1168 571 1077 344 1157 1174 517 758 287 767 834 1044 1273 215 299 272 538 62 210 1321 1187 528 442 654 524 329 1292 798 100 482 824 711 872 979 194 1091 654 235 667 448 1314 823 946 775 1089 223 978 720 284 567 1206 1395 647 1325 842 290 499 798 867 861 792 1174 266 6 207 639 997 919 263 1345 727 216 494 1124 770 1125 19 170 1073 271 562 16 1226 330 95 238 396 1031 1150 1101 302 995 362 704 993 1360 749 1007 614 970 240 1256 962 1252 211 478 1177 140 423 903 25 397 1250 224 1313 924 115 1172 9 221 782 557 899 750 1346 1098 1267 844 1249 1193 932 405 96 695 1251 950 552 382 799 846 1076 246 785 434 501 400 568 98 810 542 1032 900 699 1175 588 760 463 746 330 1060 925 768 767 1169 528 695 1050 997 143 1124 797 1218 12 569 849 382 34 775 889 885 669 669 1026 605 1045 122 961 1112 123 352 101 543 631 626 631 1252 921 399 528 681 606 383 1226 615 1213 605 393 1210 939 1206 267 1267 1372 281 1365 942 1027 887 536 134 852 925 677 1293 1160 152 197 1128 1008 88 828 521 1006 1328 1038 311 1184 4 1138 84 342 36 622 878 1279 681 1035 512 1230 454 931 1209 731 449 633 942 1271 17 264 419 616 385 1310 1175 342 886 9 161 149 686 179 702 1172 306 802 997 1373 110 1132 588 471 726 385 403 728 1147 89 1153 798 1390 1096 399 752 819 1174 858 920 74 1316 269 84 411 660 726 997 440 784 919 760 519 662 568 604 167 539 1027 194 1083 1277 361 339 558 981 355 279 1262 69 722 474 99 558 459 