60 120 10
2 8 15 1 10 5 19 19 3 5 6 6 2 8 2 12 16 3 8 17 12 5 3 14 13 3 2 17 19 16 8 7 12 19 10 13 8 20 16 15 4 12 3 14 14 5 2 12 14 9 8 5 3 18 18 20 4 2 10 19 
1 2 17
2 3 36
3 4 51
4 5 43
5 6 49
6 7 47
7 8 41
8 9 3
9 10 5
10 11 29
11 12 27
12 13 46
13 14 51
14 15 10
15 16 11
16 17 51
17 18 7
18 19 22
19 20 34
20 21 9
21 22 10
22 23 24
23 24 25
24 25 35
25 26 37
26 27 21
27 28 47
28 29 57
29 30 12
30 31 29
31 32 25
32 33 40
33 34 27
34 35 44
35 36 18
36 37 59
37 38 39
38 39 43
39 40 10
40 41 42
41 42 34
42 43 36
43 44 20
44 45 19
45 46 25
46 47 31
47 48 58
48 49 27
49 50 54
50 51 7
51 52 42
52 53 6
53 54 45
54 55 53
55 56 31
56 57 10
57 58 18
58 59 34
59 60 58
13 47 31
42 37 36
48 16 35
12 53 51
11 22 5
47 11 28
12 8 58
38 48 34
4 6 30
50 39 42
49 3 47
27 11 34
9 1 12
43 36 11
60 25 18
9 4 56
22 3 51
32 57 15
41 37 22
49 40 49
5 2 55
54 20 19
39 1 9
8 48 9
14 49 44
48 22 31
18 14 35
30 57 36
52 21 30
20 57 59
4 45 29
25 30 50
3 16 26
34 4 44
28 35 24
9 1 19
19 1 57
39 42 30
39 50 38
13 43 59
53 39 60
11 18 39
12 16 29
17 52 3
55 33 16
49 27 23
27 36 54
50 43 25
37 42 19
3 52 2
60 18 37
53 30 36
33 21 51
4 50 42
49 22 10
16 44 23
26 3 26
29 47 58
58 53 33
30 55 42
30 57 10
5
52 11 12 32 2 
30
29 13 6 56 15 50 2 33 26 1 59 34 60 4 20 17 8 50 50 38 7 50 14 36 58 17 27 26 9 23 