100 200 10
2 8 15 1 10 5 19 19 3 5 6 6 2 8 2 12 16 3 8 17 12 5 3 14 13 3 2 17 19 16 8 7 12 19 10 13 8 20 16 15 4 12 3 14 14 5 2 12 14 9 8 5 3 18 18 20 4 2 10 19 17 16 11 3 9 7 1 3 5 9 7 6 11 10 11 11 7 2 14 9 10 4 5 15 17 1 7 17 12 9 5 20 7 4 18 19 19 3 10 2 
1 2 34
2 3 16
3 4 40
4 5 59
5 6 5
6 7 31
7 8 78
8 9 7
9 10 74
10 11 87
11 12 22
12 13 46
13 14 25
14 15 73
15 16 71
16 17 30
17 18 78
18 19 74
19 20 98
20 21 13
21 22 87
22 23 91
23 24 62
24 25 37
25 26 56
26 27 68
27 28 56
28 29 75
29 30 32
30 31 53
31 32 51
32 33 51
33 34 42
34 35 25
35 36 67
36 37 31
37 38 8
38 39 92
39 40 8
40 41 38
41 42 58
42 43 88
43 44 54
44 45 84
45 46 46
46 47 10
47 48 10
48 49 59
49 50 22
50 51 89
51 52 23
52 53 47
53 54 7
54 55 31
55 56 14
56 57 69
57 58 1
58 59 92
59 60 63
60 61 56
61 62 11
62 63 60
63 64 25
64 65 38
65 66 49
66 67 84
67 68 96
68 69 42
69 70 3
70 71 51
71 72 92
72 73 37
73 74 75
74 75 21
75 76 97
76 77 22
77 78 49
78 79 100
79 80 69
80 81 85
81 82 82
82 83 35
83 84 54
84 85 100
85 86 19
86 87 39
87 88 1
88 89 89
89 90 28
90 91 68
91 92 29
92 93 94
93 94 49
94 95 84
95 96 8
96 97 22
97 98 11
98 99 18
99 100 14
15 10 17
36 52 1
50 20 57
99 4 25
9 45 10
90 3 96
86 94 44
24 88 15
4 49 1
59 19 81
97 99 82
90 99 10
58 73 23
39 93 39
80 91 58
59 92 16
89 57 12
3 35 73
56 29 47
63 87 76
34 70 43
45 17 82
99 23 52
22 100 58
77 93 90
76 13 1
11 4 70
62 89 2
90 56 24
3 86 83
86 89 27
18 58 33
33 70 55
22 90 77
30 69 93
26 56 35
50 42 13
46 61 19
54 40 24
80 97 88
30 50 38
67 50 94
96 98 17
87 6 89
83 56 35
15 2 17
72 87 64
14 56 86
54 13 9
33 46 14
57 22 59
47 83 82
45 97 23
30 62 36
51 74 67
45 60 93
40 54 25
55 11 46
50 87 14
75 23 69
19 88 6
59 92 3
26 78 15
15 25 35
75 73 60
34 71 88
98 19 78
74 71 64
69 93 86
3 81 14
28 3 100
28 26 44
25 24 73
62 82 4
33 6 94
26 32 93
43 23 87
65 1 88
61 14 75
72 71 36
34 12 61
97 68 86
51 41 95
96 25 20
26 77 95
59 3 72
67 79 94
52 85 19
65 20 53
1 88 61
27 11 58
71 16 77
28 44 59
65 10 83
87 66 88
78 75 26
28 30 29
24 21 3
63 24 97
38 62 96
26 65 61
5
98 41 57 82 94 
50
3 17 31 27 12 72 12 48 54 21 91 25 89 64 41 52 63 30 1 14 59 79 66 8 78 1 59 40 4 61 58 25 78 9 14 88 2 51 61 29 94 85 6 41 12 5 36 57 73 51 