50 100 10
2 8 15 1 10 5 19 19 3 5 6 6 2 8 2 12 16 3 8 17 12 5 3 14 13 3 2 17 19 16 8 7 12 19 10 13 8 20 16 15 4 12 3 14 14 5 2 12 14 9 
1 2 48
2 3 45
3 4 13
4 5 8
5 6 38
6 7 10
7 8 24
8 9 42
9 10 30
10 11 29
11 12 17
12 13 36
13 14 41
14 15 43
15 16 39
16 17 7
17 18 41
18 19 43
19 20 15
20 21 49
21 22 47
22 23 6
23 24 41
24 25 30
25 26 21
26 27 1
27 28 7
28 29 2
29 30 44
30 31 49
31 32 30
32 33 24
33 34 35
34 35 5
35 36 7
36 37 41
37 38 17
38 39 27
39 40 32
40 41 9
41 42 45
42 43 40
43 44 27
44 45 24
45 46 38
46 47 39
47 48 19
48 49 33
49 50 30
42 34 16
40 9 5
31 28 7
24 37 22
46 25 23
21 30 28
24 48 13
37 41 12
37 6 18
6 25 32
3 1 1
42 25 17
31 8 42
8 38 8
38 4 34
46 10 10
9 22 39
23 47 7
31 14 19
1 42 13
6 11 10
25 38 49
34 46 42
3 1 42
37 25 21
47 22 49
50 19 35
32 35 4
50 19 39
1 39 28
18 29 44
49 34 8
22 11 18
14 15 10
17 36 2
1 50 20
7 49 4
25 9 45
10 40 3
46 36 44
44 24 38
15 4 49
1 9 19
31 47 49
32 40 49
10 8 23
23 39 43
39 30 41
8 9 42
16 39 7
12 3 35
5
46 11 12 32 2 
25
23 6 29 47 13 37 26 34 20 43 45 17 32 49 23 2 22 50 8 27 43 40 26 13 1 