200 400 20
2 28 15 21 10 5 39 39 3 25 26 26 2 28 2 12 36 23 28 37 32 5 23 34 13 23 22 37 39 16 8 7 12 19 30 33 28 20 36 15 24 12 3 14 34 25 22 32 14 29 28 5 23 38 38 20 4 22 10 19 37 36 31 3 9 27 1 23 25 9 7 6 11 10 11 31 7 22 34 29 30 24 5 35 37 1 7 17 12 29 25 40 27 4 18 19 39 3 10 22 34 36 40 19 25 11 18 27 34 27 22 26 5 33 31 30 18 14 18 33 27 11 2 37 36 8 16 15 32 13 31 31 22 5 7 31 28 32 8 18 18 8 34 24 26 30 10 39 22 29 23 27 27 31 14 9 21 32 3 16 11 40 25 18 29 4 36 2 3 31 12 37 15 21 37 22 29 40 29 5 2 15 14 40 19 19 21 29 8 28 9 14 9 4 8 22 31 18 14 35 
1 2 110
2 3 17
3 4 136
4 5 52
5 6 1
6 7 50
7 8 120
8 9 157
9 10 199
10 11 104
11 12 25
12 13 9
13 14 45
14 15 10
15 16 190
16 17 103
17 18 196
18 19 86
19 20 94
20 21 144
21 22 124
22 23 188
23 24 115
24 25 104
25 26 49
26 27 1
27 28 59
28 29 19
29 30 181
30 31 197
31 32 199
32 33 82
33 34 190
34 35 199
35 36 10
36 37 158
37 38 73
38 39 23
39 40 139
40 41 93
41 42 39
42 43 180
43 44 191
44 45 58
45 46 159
46 47 192
47 48 16
48 49 89
49 50 157
50 51 112
51 52 3
52 53 35
53 54 73
54 55 56
55 56 129
56 57 47
57 58 163
58 59 87
59 60 76
60 61 34
61 62 70
62 63 143
63 64 45
64 65 17
65 66 82
66 67 199
67 68 123
68 69 52
69 70 22
70 71 100
71 72 158
72 73 77
73 74 93
74 75 190
75 76 76
76 77 113
77 78 1
78 79 111
79 80 4
80 81 70
81 82 62
82 83 89
83 84 2
84 85 190
85 86 56
86 87 24
87 88 3
88 89 186
89 90 183
90 91 86
91 92 89
92 93 27
93 94 18
94 95 158
95 96 33
96 97 133
97 98 170
98 99 155
99 100 122
100 101 190
101 102 177
102 103 130
103 104 169
104 105 93
105 106 26
106 107 156
107 108 35
108 109 150
109 110 42
110 111 113
111 112 146
112 113 61
113 114 119
114 115 154
115 116 140
116 117 24
117 118 80
118 119 197
119 120 88
120 121 130
121 122 150
122 123 38
123 124 67
124 125 150
125 126 194
126 127 196
127 128 98
128 129 17
129 130 87
130 131 106
131 132 89
132 133 83
133 134 56
134 135 135
135 136 115
136 137 102
137 138 117
138 139 72
139 140 187
140 141 64
141 142 114
142 143 156
143 144 186
144 145 54
145 146 113
146 147 9
147 148 33
148 149 146
149 150 114
150 151 157
151 152 122
152 153 159
153 154 47
154 155 183
155 156 82
156 157 145
157 158 197
158 159 23
159 160 130
160 161 162
161 162 136
162 163 51
163 164 174
164 165 67
165 166 45
166 167 60
167 168 93
168 169 40
169 170 54
170 171 25
171 172 155
172 173 111
173 174 146
174 175 50
175 176 187
176 177 114
177 178 75
178 179 23
179 180 169
180 181 19
181 182 188
182 183 106
183 184 159
184 185 192
185 186 3
186 187 26
187 188 78
188 189 15
189 190 115
190 191 25
191 192 135
192 193 75
193 194 173
194 195 160
195 196 34
196 197 71
197 198 88
198 199 98
199 200 119
177 174 71
163 69 193
185 103 81
14 28 3
100 128 26
143 125 24
172 62 182
4 33 106
193 126 32
93 143 23
87 65 101
187 161 14
174 71 171
36 34 112
160 97 68
86 151 141
95 96 25
20 126 177
95 59 103
171 67 79
193 52 85
19 65 120
152 1 88
61 127 11
157 171 116
176 28 44
158 165 110
83 87 166
88 178 75
26 28 30
128 24 121
102 163 124
196 138 62
195 126 65
61 3 117
31 127 12
171 12 148
153 121 191
124 189 164
140 52 63
30 101 114
158 179 166
8 78 1
59 40 104
160 158 125
78 109 114
88 2 51
61 29 194
184 6 141
111 105 36
156 73 151
24 86 157
17 27 158
126 158 138
72 70 162
97 23 18
112 118 97
185 42 24
129 30 166
159 133 97
56 54 163
184 135 55
172 58 170
132 164 8
84 112 36
68 49 76
138 24 143
154 112 142
175 60 26
22 71 27
134 6 184
51 199 80
101 194 135
38 135 157
193 177 106
162 149 82
100 14 42
57 56 143
63 12 78
25 79 153
44 97 74
41 114 76
73 19 11
18 133 113
96 170 32
41 89 86
91 98 190
190 146 154
114 52 141
45 59 136
159 193 6
65 182 104
30 176 9
93 198 150
156 162 28
68 142 130
41 14 175
2 78 16
84 14 193
25 2 193
159 71 29
28 85 76
186 99 171
88 48 5
103 22 64
106 164 11
171 90 41
164 143 20
113 192 105
19 33 151
6 176 140
103 23 99
48 185 49
171 65 114
76 146 113
146 79 170
63 120 186
90 145 66
140 46 109
118 71 2
123 133 73
152 88 171
163 102 104
24 128 1
169 16 166
29 144 148
89 144 38
10 64 50
82 189 143
9 61 22
158 155 89
146 91 150
44 31 21
148 68 137
183 36 27
185 39 54
30 25 149
123 160 58
166 145 156
118 127 12
26 156 2
149 97 185
115 165 143
76 114 143
196 149 73
27 7 174
30 5 106
27 13 176
94 166 37
136 142 15
194 57 53
136 39 83
155 16 132
31 42 26
12 38 187
91 51 63
35 94 154
17 53 9
63 34 55
103 35 104
57 149 125
117 14 110
29 1 81
118 59 51
155 162 65
103 77 44
109 103 162
90 149 83
54 75 21
3 124 32
169 79 60
9 20 172
4 146 182
104 193 86
113 99 190
122 139 38
11 62 35
108 162 160
94 116 70
137 70 59
100 172 65
117 16 156
16 131 40
13 89 83
154 86 111
85 175 181
16 152 142
115 80 111
99 74 189
177 133 157
90 114 9
141 191 124
163 29 185
178 1 72
86 175 72
133 68 154
96 169 26
77 30 51
198 110 94
87 81 117
50 68 129
5
199 3 40 128 173 
100
80 65 22 6 27 17 117 127 67 88 82 165 141 87 22 63 122 65 110 16 103 74 125 142 146 163 24 132 7 69 119 3 108 108 82 13 137 31 115 10 85 157 91 94 197 153 55 146 109 49 92 113 132 115 40 159 123 105 196 53 70 80 39 24 119 67 60 99 87 197 63 34 159 23 147 193 38 126 48 59 3 8 99 31 93 1 79 200 153 49 83 141 116 176 163 168 137 198 19 98 