150 300 40
42 68 15 21 50 45 39 79 3 65 26 66 2 28 42 12 36 23 28 77 72 45 63 74 53 63 62 77 39 56 8 47 52 19 30 73 68 60 76 55 64 52 43 14 74 25 22 32 14 69 28 45 23 38 38 60 4 62 10 59 77 76 31 3 49 27 1 63 65 9 7 46 51 10 51 71 47 62 74 29 30 64 5 35 37 1 7 17 12 69 65 40 67 44 18 19 39 3 50 62 34 76 80 59 65 11 58 67 74 67 62 26 45 33 31 70 58 54 58 33 67 11 42 77 36 48 56 55 32 53 71 31 62 45 47 71 68 32 8 58 18 48 74 64 66 30 50 79 62 29 
1 2 123
2 3 47
3 4 57
4 5 131
5 6 64
6 7 69
7 8 1
8 9 42
9 10 13
10 11 6
11 12 11
12 13 60
13 14 25
14 15 138
15 16 99
16 17 34
17 18 146
18 19 142
19 20 3
20 21 51
21 22 92
22 23 87
23 24 75
24 25 71
25 26 97
26 27 22
27 28 49
28 29 100
29 30 19
30 31 35
31 32 32
32 33 85
33 34 54
34 35 50
35 36 19
36 37 39
37 38 1
38 39 39
39 40 128
40 41 18
41 42 129
42 43 44
43 44 49
44 45 134
45 46 108
46 47 22
47 48 61
48 49 18
49 50 14
50 51 65
51 52 60
52 53 117
53 54 36
54 55 52
55 56 51
56 57 150
57 58 20
58 59 57
59 60 149
60 61 4
61 62 75
62 63 59
63 64 145
64 65 60
65 66 140
66 67 3
67 68 46
68 69 86
69 70 94
70 71 94
71 72 74
72 73 88
73 74 65
74 75 54
75 76 99
76 77 1
77 78 109
78 79 19
79 80 31
80 81 147
81 82 99
82 83 132
83 84 90
84 85 99
85 86 110
86 87 8
87 88 73
88 89 73
89 90 89
90 91 143
91 92 39
92 93 30
93 94 41
94 95 108
95 96 9
96 97 42
97 98 16
98 99 89
99 100 107
100 101 112
101 102 3
102 103 85
103 104 123
104 105 106
105 106 79
106 107 147
107 108 113
108 109 87
109 110 126
110 111 84
111 112 20
112 113 43
113 114 145
114 115 67
115 116 132
116 117 49
117 118 123
118 119 52
119 120 122
120 121 150
121 122 108
122 123 127
123 124 143
124 125 90
125 126 126
126 127 63
127 128 51
128 129 111
129 130 4
130 131 20
131 132 12
132 133 139
133 134 52
134 135 40
135 136 106
136 137 74
137 138 53
138 139 86
139 140 33
140 141 86
141 142 89
142 143 77
143 144 118
144 145 58
145 146 83
146 147 33
147 148 120
148 149 55
149 150 72
90 27 130
118 43 126
56 135 50
92 63 146
61 119 4
90 124 80
47 38 80
50 38 67
50 44 96
147 17 87
56 39 83
6 85 115
2 117 122
87 114 114
56 136 104
13 9 33
96 114 7
121 59 97
83 32 95
97 123 80
62 136 51
74 117 45
60 43 40
4 75 55
110 96 100
136 64 125
122 69 69
38 6 109
42 3 26
78 65 15
25 85 75
73 60 134
21 138 98
19 78 74
21 114 119
93 36 103
81 114 128
3 50 78
76 44 125
74 123 12
82 104 133
105 144 76
131 93 143
122 87 15
100 138 111
64 75 21
71 86 84
62 111 147
18 86 101
140 45 146
25 120 26
27 95 9
53 122 117
29 94 2
134 119 115
119 53 101
88 11 127
11 108 71
66 127 78
44 109 115
10 83 137
16 38 28
75 76 128
80 129 74
21 3 113
123 147 138
62 146 126
65 11 53
17 81 77
62 22 112
48 4 71
91 75 39
14 141 2
63 30 1
14 59 29
115 108 78
1 109 140
54 11 8
75 28 9
113 38 2
51 61 79
94 85 56
91 62 55
86 107 73
100 74 86
7 117 127
58 127 8
88 22 20
111 147 123
68 63 118
97 36 42
123 130 80
66 110 83
97 6 54
13 135 35
55 23 8
119 33 114
58 84 12
86 18 49
26 39 124
93 55 62
92 76 10
125 72 21
126 135 56
133 1 149
80 52 44
134 138 135
7 44 127
56 63 49
131 1 14
141 56 106
93 63 12
127 25 129
102 144 97
74 141 14
125 123 69
11 118 83
63 96 120
131 91 89
36 41 148
40 41 146
4 115 52
41 145 9
36 60 93
105 65 32
4 80 76
59 43 148
149 7 62
127 18 142
30 41 64
75 52 78
115 134 114
142 25 52
142 10 121
29 128 35
26 37 49
71 138 148
55 54 72
14 7 114
11 122 40
91 15 43
119 64 92
104 19 83
1 6 26
40 4 23
99 148 85
148 122 15
113 126 96
63 147 79
119 113 120
36 90 45
5
114 120 101 84 17 
75
16 91 146 9 119 121 2 124 133 23 3 38 71 64 52 4 24 78 51 120 66 16 29 94 148 139 94 38 60 64 100 32 89 93 9 111 72 109 105 39 47 91 150 94 131 121 149 68 37 84 36 127 36 139 104 130 125 149 124 60 8 17 145 106 69 27 62 26 106 102 50 47 135 66 115 