650 1300 40
42 68 15 21 50 45 39 79 3 65 26 66 2 28 42 12 36 23 28 77 72 45 63 74 53 63 62 77 39 56 8 47 52 19 30 73 68 60 76 55 64 52 43 14 74 25 22 32 14 69 28 45 23 38 38 60 4 62 10 59 77 76 31 3 49 27 1 63 65 9 7 46 51 10 51 71 47 62 74 29 30 64 5 35 37 1 7 17 12 69 65 40 67 44 18 19 39 3 50 62 34 76 80 59 65 11 58 67 74 67 62 26 45 33 31 70 58 54 58 33 67 11 42 77 36 48 56 55 32 53 71 31 62 45 47 71 68 32 8 58 18 48 74 64 66 30 50 79 62 29 23 67 67 71 14 49 21 32 43 56 51 40 25 58 29 4 76 42 3 31 52 37 15 61 37 22 69 80 69 5 42 15 54 80 19 19 21 29 48 68 49 14 9 4 48 22 71 58 14 75 70 17 56 12 41 50 40 37 79 64 65 49 5 50 30 63 76 6 54 24 44 68 35 64 9 1 19 59 21 37 79 2 70 79 10 38 73 23 59 53 39 20 31 58 39 32 56 9 37 72 43 75 33 56 9 7 43 7 76 34 30 63 5 57 42 79 3 12 22 20 38 77 53 70 36 73 41 31 44 70 22 49 42 30 56 24 43 26 23 46 49 67 58 78 73 53 10 75 42 70 57 50 49 53 66 76 75 70 2 73 66 61 39 74 60 24 40 77 48 50 70 78 27 70 34 76 18 17 47 26 9 43 56 55 35 22 37 32 27 24 74 36 66 54 33 9 73 66 74 77 2 39 47 63 2 65 77 63 10 2 16 51 54 67 45 60 53 40 54 25 75 71 26 10 67 74 75 23 9 19 68 66 39 32 43 26 78 15 35 65 55 35 53 80 74 71 48 58 79 18 14 31 4 29 73 66 63 1 14 28 3 20 48 66 24 5 64 53 22 22 44 73 66 74 6 72 13 63 23 7 25 61 68 41 14 15 31 51 76 34 32 1 17 28 6 71 61 15 56 25 20 46 17 15 19 63 12 67 39 34 12 45 59 65 80 33 1 8 21 7 51 38 11 76 57 68 44 39 45 70 43 47 46 48 58 75 66 28 30 9 64 41 23 3 44 37 58 62 36 46 65 21 43 37 71 7 52 52 12 28 34 1 31 45 29 4 61 52 23 70 21 34 79 59 46 48 38 1 59 40 64 41 78 5 78 69 74 8 42 51 61 29 34 25 46 61 72 65 36 37 73 71 24 6 77 17 27 78 47 78 58 72 30 2 17 63 18 33 78 57 66 42 24 50 70 6 80 53 57 16 54 3 65 55 15 13 18 50 53 4 48 4 32 36 68 49 36 59 64 63 75 32 22 16 20 66 22 31 27 15 6 24 11 39 40 62 34 15 38 55 37 74 17 26 3 69 42 61 14 2 16 56 23 23 12 78 25 39 73 44 57 34 41 34 76 73 19 51 58 53 
1 2 163
2 3 146
3 4 170
4 5 432
5 6 541
6 7 489
7 8 86
8 9 241
9 10 648
10 11 640
11 12 641
12 13 196
13 14 504
14 15 465
15 16 452
16 17 91
17 18 595
18 19 209
19 20 336
20 21 310
21 22 143
22 23 456
23 24 565
24 25 482
25 26 554
26 27 580
27 28 376
28 29 459
29 30 43
30 31 148
31 32 650
32 33 307
33 34 212
34 35 428
35 36 618
36 37 292
37 38 130
38 39 41
39 40 514
40 41 575
41 42 452
42 43 228
43 44 66
44 45 234
45 46 414
46 47 593
47 48 475
48 49 402
49 50 643
50 51 160
51 52 71
52 53 429
53 54 78
54 55 185
55 56 326
56 57 587
57 58 549
58 59 271
59 60 438
60 61 448
61 62 105
62 63 504
63 64 422
64 65 564
65 66 507
66 67 414
67 68 561
68 69 72
69 70 190
70 71 41
71 72 465
72 73 193
73 74 470
74 75 114
75 76 442
76 77 205
77 78 619
78 79 133
79 80 101
80 81 506
81 82 426
82 83 240
83 84 304
84 85 373
85 86 299
86 87 198
87 88 585
88 89 649
89 90 372
90 91 315
91 92 164
92 93 26
93 94 96
94 95 113
95 96 647
96 97 479
97 98 470
98 99 313
99 100 70
100 101 336
101 102 340
102 103 345
103 104 266
104 105 341
105 106 496
106 107 159
107 108 369
108 109 571
109 110 502
110 111 374
111 112 333
112 113 423
113 114 503
114 115 388
115 116 621
116 117 514
117 118 2
118 119 204
119 120 124
120 121 278
121 122 551
122 123 320
123 124 366
124 125 366
125 126 29
126 127 94
127 128 648
128 129 139
129 130 344
130 131 288
131 132 310
132 133 464
133 134 500
134 135 132
135 136 289
136 137 293
137 138 609
138 139 211
139 140 422
140 141 459
141 142 55
142 143 89
143 144 497
144 145 41
145 146 150
146 147 494
147 148 631
148 149 271
149 150 99
150 151 418
151 152 637
152 153 634
153 154 486
154 155 377
155 156 236
156 157 539
157 158 104
158 159 280
159 160 175
160 161 149
161 162 424
162 163 110
163 164 408
164 165 67
165 166 395
166 167 6
167 168 569
168 169 227
169 170 62
170 171 226
171 172 206
172 173 452
173 174 450
174 175 397
175 176 385
176 177 416
177 178 415
178 179 593
179 180 276
180 181 364
181 182 543
182 183 647
183 184 499
184 185 373
185 186 277
186 187 307
187 188 174
188 189 380
189 190 555
190 191 206
191 192 477
192 193 563
193 194 526
194 195 194
195 196 316
196 197 437
197 198 437
198 199 542
199 200 265
200 201 145
201 202 457
202 203 153
203 204 537
204 205 289
205 206 333
206 207 56
207 208 216
208 209 482
209 210 31
210 211 292
211 212 326
212 213 62
213 214 138
214 215 287
215 216 191
216 217 351
217 218 463
218 219 185
219 220 494
220 221 604
221 222 617
222 223 453
223 224 359
224 225 113
225 226 134
226 227 255
227 228 54
228 229 385
229 230 304
230 231 607
231 232 149
232 233 75
233 234 618
234 235 314
235 236 460
236 237 629
237 238 601
238 239 281
239 240 519
240 241 609
241 242 1
242 243 106
243 244 162
244 245 315
245 246 204
246 247 427
247 248 394
248 249 260
249 250 603
250 251 312
251 252 540
252 253 249
253 254 633
254 255 4
255 256 125
256 257 271
257 258 203
258 259 424
259 260 582
260 261 520
261 262 629
262 263 110
263 264 159
264 265 520
265 266 572
266 267 104
267 268 496
268 269 32
269 270 505
270 271 43
271 272 186
272 273 614
273 274 199
274 275 390
275 276 373
276 277 89
277 278 188
278 279 561
279 280 262
280 281 385
281 282 159
282 283 212
283 284 60
284 285 644
285 286 216
286 287 570
287 288 238
288 289 270
289 290 59
290 291 401
291 292 322
292 293 265
293 294 168
294 295 616
295 296 506
296 297 16
297 298 131
298 299 440
299 300 313
300 301 39
301 302 133
302 303 5
303 304 486
304 305 561
305 306 435
306 307 75
307 308 581
308 309 566
309 310 602
310 311 42
311 312 566
312 313 380
313 314 211
314 315 549
315 316 324
316 317 139
317 318 578
318 319 583
319 320 57
320 321 90
321 322 114
322 323 259
323 324 592
324 325 191
325 326 424
326 327 564
327 328 29
328 329 485
329 330 79
330 331 51
331 332 522
332 333 586
333 334 525
334 335 422
335 336 284
336 337 118
337 338 154
338 339 646
339 340 319
340 341 26
341 342 577
342 343 30
343 344 51
344 345 649
345 346 60
346 347 144
347 348 137
348 349 181
349 350 367
350 351 550
351 352 18
352 353 229
353 354 30
354 355 65
355 356 172
356 357 606
357 358 377
358 359 317
359 360 367
360 361 427
361 362 67
362 363 488
363 364 382
364 365 465
365 366 41
366 367 487
367 368 172
368 369 613
369 370 422
370 371 215
371 372 60
372 373 266
373 374 353
374 375 624
375 376 225
376 377 542
377 378 246
378 379 563
379 380 474
380 381 232
381 382 257
382 383 569
383 384 219
384 385 403
385 386 58
386 387 258
387 388 82
388 389 363
389 390 337
390 391 631
391 392 65
392 393 160
393 394 185
394 395 157
395 396 591
396 397 494
397 398 97
398 399 553
399 400 405
400 401 646
401 402 409
402 403 249
403 404 342
404 405 63
405 406 582
406 407 215
407 408 190
408 409 159
409 410 23
410 411 455
411 412 496
412 413 403
413 414 570
414 415 330
415 416 39
416 417 424
417 418 619
418 419 467
419 420 110
420 421 649
421 422 537
422 423 397
423 424 313
424 425 634
425 426 459
426 427 323
427 428 497
428 429 193
429 430 38
430 431 26
431 432 248
432 433 209
433 434 103
434 435 258
435 436 199
436 437 531
437 438 43
438 439 301
439 440 129
440 441 650
441 442 153
442 443 299
443 444 233
444 445 541
445 446 366
446 447 26
447 448 313
448 449 468
449 450 237
450 451 198
451 452 219
452 453 398
453 454 479
454 455 202
455 456 167
456 457 181
457 458 550
458 459 26
459 460 9
460 461 230
461 462 471
462 463 541
463 464 311
464 465 198
465 466 463
466 467 356
467 468 526
468 469 143
469 470 262
470 471 555
471 472 149
472 473 397
473 474 265
474 475 297
475 476 389
476 477 70
477 478 189
478 479 364
479 480 126
480 481 466
481 482 472
482 483 476
483 484 16
484 485 379
485 486 235
486 487 221
487 488 256
488 489 365
489 490 58
490 491 363
491 492 512
492 493 625
493 494 200
494 495 570
495 496 331
496 497 74
497 498 401
498 499 34
499 500 176
500 501 511
501 502 238
502 503 87
503 504 138
504 505 629
505 506 44
506 507 487
507 508 165
508 509 215
509 510 392
510 511 450
511 512 286
512 513 556
513 514 338
514 515 255
515 516 88
516 517 24
517 518 65
518 519 221
519 520 259
520 521 19
521 522 432
522 523 586
523 524 53
524 525 174
525 526 53
526 527 395
527 528 127
528 529 427
529 530 447
530 531 423
531 532 400
532 533 341
533 534 575
534 535 620
535 536 294
536 537 112
537 538 642
538 539 140
539 540 620
540 541 366
541 542 556
542 543 436
543 544 617
544 545 251
545 546 316
546 547 10
547 548 15
548 549 67
549 550 644
550 551 475
551 552 510
552 553 401
553 554 196
554 555 474
555 556 640
556 557 162
557 558 623
558 559 419
559 560 59
560 561 32
561 562 269
562 563 577
563 564 561
564 565 23
565 566 225
566 567 330
567 568 361
568 569 153
569 570 283
570 571 42
571 572 546
572 573 565
573 574 225
574 575 65
575 576 603
576 577 306
577 578 561
578 579 475
579 580 473
580 581 172
581 582 123
582 583 198
583 584 128
584 585 40
585 586 256
586 587 296
587 588 295
588 589 151
589 590 94
590 591 105
591 592 532
592 593 363
593 594 623
594 595 40
595 596 429
596 597 63
597 598 13
598 599 118
599 600 359
600 601 516
601 602 609
602 603 324
603 604 60
604 605 435
605 606 5
606 607 237
607 608 420
608 609 309
609 610 96
610 611 157
611 612 367
612 613 501
613 614 318
614 615 143
615 616 338
616 617 583
617 618 7
618 619 425
619 620 198
620 621 472
621 622 84
622 623 223
623 624 82
624 625 427
625 626 634
626 627 299
627 628 374
628 629 433
629 630 569
630 631 477
631 632 121
632 633 562
633 634 333
634 635 457
635 636 641
636 637 476
637 638 425
638 639 637
639 640 178
640 641 370
641 642 594
642 643 385
643 644 78
644 645 569
645 646 519
646 647 542
647 648 347
648 649 634
649 650 579
577 177 272
297 63 504
627 359 346
408 36 339
187 444 514
401 401 429
161 251 200
142 155 270
32 166 118
163 294 435
122 173 81
201 493 628
227 421 53
65 82 341
373 288 224
329 346 20
377 343 111
232 9 127
387 371 29
451 309 64
110 434 487
142 161 573
628 235 642
568 254 568
165 539 582
157 1 15
398 509 62
64 257 8
128 640 586
515 226 437
87 34 561
330 49 479
242 84 441
266 436 311
549 138 443
132 179 103
319 45 345
108 153 598
532 436 59
15 248 494
349 566 192
189 501 313
99 424 352
424 34 642
550 355 241
347 370 231
478 582 45
91 488 250
425 34 339
342 344 303
311 261 235
540 298 186
329 341 606
191 393 211
549 129 330
421 178 74
44 321 48
176 77 291
83 579 110
268 490 160
199 575 623
630 359 18
458 628 304
420 108 547
374 73 262
169 162 7
540 614 434
67 433 103
141 405 314
262 647 511
465 505 650
636 131 99
382 88 85
91 268 107
220 242 33
549 274 559
405 372 196
146 167 79
428 580 359
277 401 358
329 32 396
79 627 454
100 85 616
493 609 323
193 30 365
418 506 142
123 473 249
451 587 195
196 378 518
329 17 25
191 520 163
346 144 642
66 300 208
490 53 237
101 388 27
212 56 434
594 281 498
465 416 564
161 229 279
628 491 62
98 496 171
76 490 51
299 84 216
114 383 358
132 447 118
572 333 611
92 82 238
205 630 472
39 152 598
158 547 177
409 290 523
366 37 206
79 365 311
4 78 149
153 462 332
482 106 548
7 303 222
396 282 22
405 348 475
118 36 327
474 610 299
374 154 423
235 344 289
353 233 198
81 427 329
600 502 262
549 56 364
516 174 362
495 624 325
250 304 532
387 100 561
443 566 23
579 232 163
476 482 448
240 422 356
522 133 90
220 416 482
558 244 307
578 49 257
521 617 147
447 471 295
579 489 210
434 270 379
167 116 377
434 69 357
578 398 169
340 250 86
186 350 71
560 72 214
115 236 319
330 32 118
587 445 437
207 461 278
124 432 3
371 519 144
385 338 112
55 328 407
618 423 564
450 543 638
138 589 206
289 448 582
94 335 588
361 344 418
401 583 198
66 354 5
134 246 526
321 65 332
322 307 407
94 494 431
480 569 612
64 169 2
566 380 169
140 332 584
379 514 560
4 637 146
315 175 571
185 331 527
255 526 172
108 560 57
402 283 106
41 226 113
135 513 281
536 398 3
108 331 141
376 609 294
590 97 325
74 248 431
585 23 1
58 206 517
241 189 132
268 366 547
625 360 563
586 406 563
343 93 22
372 463 149
19 69 318
614 101 291
86 410 570
445 104 541
529 150 506
92 462 232
402 304 634
179 388 543
253 584 371
214 219 545
513 80 503
15 220 571
56 248 295
38 277 27
523 41 530
590 89 11
22 396 622
520 34 190
555 429 80
456 263 636
88 547 434
138 586 280
393 491 263
115 602 256
107 518 70
534 172 158
648 296 598
568 389 545
222 114 229
15 202 424
490 455 402
177 148 293
271 214 52
263 572 316
521 46 411
495 492 73
612 552 266
255 144 289
329 383 309
304 573 208
195 39 145
190 140 405
554 74 126
578 275 132
380 484 274
444 531 647
437 196 606
166 551 340
39 514 186
397 360 181
474 609 88
424 71 73
543 606 235
461 507 307
384 576 433
469 242 533
634 430 580
84 518 287
76 69 388
478 270 428
337 442 407
46 461 452
343 183 187
31 576 58
384 125 270
140 327 142
101 530 41
224 323 342
489 188 291
639 594 454
163 282 554
355 127 280
395 290 619
348 284 240
265 322 94
226 123 439
128 232 350
528 192 374
293 135 594
199 103 258
352 442 288
546 292 588
213 351 67
490 163 486
526 561 378
332 261 540
56 225 64
572 346 467
110 189 389
12 296 368
575 218 190
142 64 98
602 368 650
323 327 4
148 252 271
186 359 618
7 306 482
63 170 176
156 382 296
244 42 154
138 66 301
619 423 442
133 384 476
592 170 101
404 379 336
307 634 244
91 354 201
333 323 222
111 141 439
191 509 198
402 559 480
602 184 141
252 619 523
645 286 459
12 493 95
299 439 29
142 158 542
547 320 96
480 64 15
360 562 36
573 205 363
203 153 20
604 280 353
224 300 481
294 445 50
468 16 364
53 174 271
481 248 362
20 99 99
603 53 330
103 44 223
538 264 485
100 123 91
461 393 452
630 528 317
626 329 21
315 249 149
329 436 608
283 363 53
312 571 271
172 174 492
336 289 18
517 593 49
217 50 66
639 433 270
481 54 531
29 432 290
402 431 323
364 558 596
79 432 291
610 178 522
536 610 494
590 334 388
493 531 125
643 183 354
561 491 163
207 198 602
223 441 468
140 104 367
333 262 560
46 237 152
265 102 591
309 198 634
1 509 622
175 32 138
22 388 50
154 280 189
300 531 512
418 206 391
628 410 573
99 511 449
585 82 65
68 294 647
311 597 139
520 389 27
105 218 122
510 553 109
483 406 466
77 452 435
409 644 649
623 593 594
583 238 204
440 262 45
618 128 349
339 299 630
597 100 382
20 326 249
100 87 550
623 144 432
604 112 535
285 568 417
343 455 617
403 409 274
484 243 568
298 620 281
261 315 491
227 344 305
199 225 46
506 609 40
108 510 340
397 41 569
264 426 27
389 554 167
412 341 221
376 46 42
87 102 310
387 584 286
640 51 487
205 332 179
152 228 313
424 316 623
182 336 129
146 90 629
483 226 466
61 496 629
621 206 571
577 74 435
601 576 337
85 202 138
210 125 441
206 422 231
535 296 383
525 519 574
162 38 449
155 13 418
242 40 98
546 254 332
66 190 509
30 46 145
299 146 623
26 413 223
123 531 189
247 293 359
353 528 276
634 102 629
182 20 587
178 390 339
521 227 264
377 126 225
631 401 162
262 403 249
395 35 617
187 408 344
484 345 360
171 559 594
118 278 120
607 292 442
564 324 416
272 380 192
165 66 187
8 460 51
452 544 192
129 99 28
99 625 575
574 584 136
89 471 363
129 535 210
578 424 436
150 275 544
355 313 166
567 458 278
134 55 491
85 492 622
535 435 491
392 449 637
168 22 525
497 577 205
419 559 578
143 69 517
3 489 251
419 19 341
35 90 607
458 83 29
164 138 90
124 321 428
604 39 292
548 643 153
72 205 297
556 310 584
158 262 34
536 505 386
392 643 361
62 421 444
478 538 114
64 42 85
265 7 512
312 462 260
2 539 371
124 308 208
35 552 352
189 259 492
490 114 513
555 261 594
23 53 177
543 224 417
351 326 79
532 362 270
4 230 208
592 502 404
442 471 520
622 8 395
405 491 234
612 610 8
488 461 272
121 505 48
464 224 430
489 267 338
506 633 321
389 517 73
133 361 4
6 442 610
37 488 80
43 368 596
7 389 103
554 567 134
460 270 282
238 468 427
298 265 71
54 608 220
166 623 343
407 514 261
397 144 31
517 294 177
614 377 218
35 471 522
142 515 305
17 394 115
375 1 513
300 402 127
529 544 328
539 362 336
472 385 195
311 214 205
596 489 159
457 131 574
614 175 447
187 32 619
611 43 42
582 474 612
92 262 31
548 470 392
600 530 68
367 415 296
141 87 418
528 254 610
323 432 454
569 317 584
18 186 453
31 258 82
617 511 567
437 172 228
46 265 389
371 98 116
43 12 158
105 54 22
430 641 431
26 271 441
377 599 337
154 590 132
494 589 611
518 270 60
78 310 170
30 617 451
596 604 409
31 544 257
599 555 223
160 595 355
333 147 330
72 29 160
141 172 589
116 334 36
320 630 412
110 259 533
63 7 379
279 598 88
39 170 234
640 46 117
433 510 508
367 135 204
585 559 644
293 244 217
201 591 45
587 625 563
247 452 96
367 93 493
88 231 614
596 261 540
428 610 187
544 641 383
619 271 94
442 13 565
177 158 195
255 414 512
64 194 165
203 396 213
82 297 10
398 319 625
411 155 336
477 334 291
562 178 278
417 391 393
150 451 59
27 555 536
180 632 496
287 24 373
327 80 312
611 55 231
553 44 522
635 529 44
450 156 622
170 303 276
331 641 485
490 187 235
598 240 166
446 563 113
352 182 588
414 58 599
306 21 251
532 152 294
50 583 195
481 76 455
200 77 417
39 302 124
193 442 131
195 119 410
64 279 480
438 255 164
279 370 17
529 278 538
152 366 543
423 273 199
423 104 349
345 498 609
158 512 344
515 132 603
61 129 607
405 516 474
619 16 104
605 285 229
295 391 184
435 251 569
594 384 236
348 82 483
7 11 473
532 502 607
235 311 622
277 638 544
19 284 96
571 454 343
461 80 485
212 544 531
511 485 509
476 57 642
143 339 328
219 485 25
243 536 225
4
243 278 402 437 
325
145 333 418 178 556 97 187 340 391 38 101 560 479 357 178 454 93 451 212 26 344 146 217 616 205 207 419 442 436 49 26 364 74 213 569 258 197 540 287 245 47 394 323 562 31 56 359 198 271 341 624 428 164 205 47 123 401 342 92 447 126 264 575 380 246 54 245 194 68 88 91 380 292 576 185 311 251 358 122 393 594 568 568 254 44 344 240 412 276 629 479 349 251 143 445 255 224 304 337 348 547 177 462 5 489 22 237 156 100 607 29 618 502 70 492 617 518 497 194 588 122 163 368 350 595 648 552 79 243 605 469 519 642 47 213 321 445 619 526 420 35 625 585 60 150 115 496 154 483 202 238 165 564 102 570 241 568 234 69 585 603 337 70 249 438 448 425 419 528 199 144 633 22 370 244 78 365 255 485 344 446 162 644 293 299 41 250 591 44 475 250 125 215 24 20 619 216 584 289 412 253 614 9 450 339 546 382 71 357 422 19 572 309 258 548 433 39 73 174 257 507 440 107 446 2 424 619 351 148 137 192 407 611 464 352 531 545 44 592 196 279 400 256 465 286 128 175 305 407 518 378 556 353 637 619 649 530 612 140 359 491 226 461 233 440 647 251 363 623 180 523 487 78 354 327 271 636 153 452 498 252 402 436 444 123 367 217 629 212 276 139 647 90 495 407 477 553 109 539 322 487 459 528 279 530 298 200 631 246 429 413 27 170 278 492 148 136 482 257 235 505 520 410 7 322 