450 900 40
42 68 15 21 50 45 39 79 3 65 26 66 2 28 42 12 36 23 28 77 72 45 63 74 53 63 62 77 39 56 8 47 52 19 30 73 68 60 76 55 64 52 43 14 74 25 22 32 14 69 28 45 23 38 38 60 4 62 10 59 77 76 31 3 49 27 1 63 65 9 7 46 51 10 51 71 47 62 74 29 30 64 5 35 37 1 7 17 12 69 65 40 67 44 18 19 39 3 50 62 34 76 80 59 65 11 58 67 74 67 62 26 45 33 31 70 58 54 58 33 67 11 42 77 36 48 56 55 32 53 71 31 62 45 47 71 68 32 8 58 18 48 74 64 66 30 50 79 62 29 23 67 67 71 14 49 21 32 43 56 51 40 25 58 29 4 76 42 3 31 52 37 15 61 37 22 69 80 69 5 42 15 54 80 19 19 21 29 48 68 49 14 9 4 48 22 71 58 14 75 70 17 56 12 41 50 40 37 79 64 65 49 5 50 30 63 76 6 54 24 44 68 35 64 9 1 19 59 21 37 79 2 70 79 10 38 73 23 59 53 39 20 31 58 39 32 56 9 37 72 43 75 33 56 9 7 43 7 76 34 30 63 5 57 42 79 3 12 22 20 38 77 53 70 36 73 41 31 44 70 22 49 42 30 56 24 43 26 23 46 49 67 58 78 73 53 10 75 42 70 57 50 49 53 66 76 75 70 2 73 66 61 39 74 60 24 40 77 48 50 70 78 27 70 34 76 18 17 47 26 9 43 56 55 35 22 37 32 27 24 74 36 66 54 33 9 73 66 74 77 2 39 47 63 2 65 77 63 10 2 16 51 54 67 45 60 53 40 54 25 75 71 26 10 67 74 75 23 9 19 68 66 39 32 43 26 78 15 35 65 55 35 53 80 74 71 48 58 79 18 14 31 4 29 73 66 63 1 14 28 3 20 48 66 24 5 64 53 22 22 44 73 66 74 6 72 13 63 23 7 25 61 68 41 14 15 31 51 76 34 32 1 17 28 6 71 61 15 56 25 
1 2 120
2 3 326
3 4 27
4 5 95
5 6 159
6 7 203
7 8 272
8 9 417
9 10 179
10 11 94
11 12 2
12 13 285
13 14 119
14 15 115
15 16 420
16 17 203
17 18 101
18 19 88
19 20 11
20 21 127
21 22 11
22 23 258
23 24 221
24 25 66
25 26 127
26 27 78
27 28 344
28 29 259
29 30 415
30 31 160
31 32 233
32 33 437
33 34 316
34 35 338
35 36 328
36 37 75
37 38 376
38 39 428
39 40 230
40 41 429
41 42 224
42 43 171
43 44 153
44 45 113
45 46 124
46 47 297
47 48 138
48 49 212
49 50 296
50 51 126
51 52 365
52 53 161
53 54 353
54 55 17
55 56 81
56 57 77
57 58 212
58 59 172
59 60 112
60 61 348
61 62 4
62 63 371
63 64 91
64 65 75
65 66 39
66 67 164
67 68 441
68 69 152
69 70 213
70 71 330
71 72 301
72 73 164
73 74 59
74 75 29
75 76 266
76 77 408
77 78 228
78 79 301
79 80 409
80 81 140
81 82 54
82 83 161
83 84 8
84 85 75
85 86 178
86 87 159
87 88 414
88 89 38
89 90 2
90 91 351
91 92 61
92 93 379
93 94 394
94 95 385
95 96 56
96 97 241
97 98 62
98 99 355
99 100 236
100 101 407
101 102 223
102 103 101
103 104 374
104 105 86
105 106 307
106 107 267
107 108 277
108 109 358
109 110 427
110 111 308
111 112 88
112 113 322
113 114 20
114 115 112
115 116 297
116 117 423
117 118 368
118 119 213
119 120 118
120 121 247
121 122 336
122 123 192
123 124 124
124 125 280
125 126 380
126 127 66
127 128 260
128 129 383
129 130 247
130 131 156
131 132 354
132 133 313
133 134 435
134 135 35
135 136 355
136 137 323
137 138 308
138 139 420
139 140 33
140 141 264
141 142 358
142 143 234
143 144 12
144 145 386
145 146 168
146 147 349
147 148 176
148 149 339
149 150 424
150 151 93
151 152 355
152 153 212
153 154 242
154 155 376
155 156 310
156 157 276
157 158 72
158 159 321
159 160 277
160 161 435
161 162 356
162 163 284
163 164 1
164 165 299
165 166 230
166 167 202
167 168 44
168 169 135
169 170 288
170 171 435
171 172 157
172 173 194
173 174 277
174 175 56
175 176 213
176 177 199
177 178 132
178 179 301
179 180 14
180 181 442
181 182 56
182 183 106
183 184 93
184 185 213
185 186 162
186 187 278
187 188 175
188 189 279
189 190 403
190 191 444
191 192 397
192 193 74
193 194 141
194 195 314
195 196 426
196 197 273
197 198 219
198 199 161
199 200 118
200 201 83
201 202 213
202 203 96
203 204 120
204 205 432
205 206 241
206 207 389
207 208 336
208 209 191
209 210 148
210 211 340
211 212 341
212 213 296
213 214 4
214 215 415
215 216 202
216 217 191
217 218 445
218 219 9
219 220 336
220 221 210
221 222 393
222 223 406
223 224 65
224 225 32
225 226 154
226 227 230
227 228 376
228 229 359
229 230 43
230 231 148
231 232 450
232 233 307
233 234 362
234 235 128
235 236 168
236 237 292
237 238 30
238 239 191
239 240 364
240 241 375
241 242 352
242 243 228
243 244 416
244 245 134
245 246 114
246 247 143
247 248 175
248 249 202
249 250 443
250 251 10
251 252 421
252 253 329
253 254 128
254 255 35
255 256 176
256 257 337
257 258 199
258 259 221
259 260 438
260 261 448
261 262 205
262 263 54
263 264 72
264 265 164
265 266 307
266 267 114
267 268 11
268 269 122
269 270 40
270 271 241
271 272 15
272 273 343
273 274 420
274 275 214
275 276 392
276 277 405
277 278 319
278 279 233
279 280 301
280 281 6
281 282 26
282 283 190
283 284 304
284 285 173
285 286 399
286 287 448
287 288 85
288 289 149
289 290 272
290 291 315
291 292 414
292 293 276
293 294 396
294 295 363
295 296 447
296 297 229
297 298 420
298 299 413
299 300 420
300 301 36
301 302 390
302 303 195
303 304 166
304 305 91
305 306 296
306 307 309
307 308 419
308 309 421
309 310 152
310 311 424
311 312 433
312 313 173
313 314 153
314 315 338
315 316 221
316 317 64
317 318 202
318 319 4
319 320 24
320 321 378
321 322 351
322 323 420
323 324 66
324 325 166
325 326 29
326 327 394
327 328 148
328 329 289
329 330 244
330 331 38
331 332 360
332 333 364
333 334 100
334 335 182
335 336 239
336 337 93
337 338 159
338 339 111
339 340 72
340 341 409
341 342 255
342 343 189
343 344 197
344 345 241
345 346 300
346 347 244
347 348 281
348 349 421
349 350 299
350 351 68
351 352 37
352 353 84
353 354 36
354 355 277
355 356 336
356 357 289
357 358 404
358 359 430
359 360 425
360 361 449
361 362 124
362 363 210
363 364 308
364 365 17
365 366 445
366 367 106
367 368 369
368 369 327
369 370 212
370 371 326
371 372 106
372 373 402
373 374 50
374 375 47
375 376 135
376 377 66
377 378 415
378 379 393
379 380 426
380 381 364
381 382 393
382 383 147
383 384 349
384 385 323
385 386 177
386 387 207
387 388 74
388 389 130
389 390 5
390 391 406
391 392 377
392 393 113
393 394 26
394 395 394
395 396 366
396 397 287
397 398 337
398 399 342
399 400 215
400 401 145
401 402 157
402 403 353
403 404 87
404 405 239
405 406 233
406 407 6
407 408 316
408 409 232
409 410 231
410 411 292
411 412 226
412 413 212
413 414 238
414 415 137
415 416 341
416 417 301
417 418 263
418 419 35
419 420 94
420 421 4
421 422 267
422 423 403
423 424 59
424 425 63
425 426 184
426 427 55
427 428 104
428 429 435
429 430 204
430 431 307
431 432 149
432 433 325
433 434 168
434 435 164
435 436 110
436 437 179
437 438 401
438 439 381
439 440 169
440 441 209
441 442 201
442 443 306
443 444 312
444 445 415
445 446 204
446 447 77
447 448 394
448 449 360
449 450 53
411 140 199
382 154 75
420 3 174
231 20 279
10 109 120
121 304 346
331 405 243
285 114 399
189 123 89
137 111 412
384 359 62
359 194 166
70 188 70
59 301 22
164 268 16
255 166 331
339 63 39
182 155 336
11 185 25
280 116 302
241 116 330
11 249 124
338 128 133
256 340 14
108 342 41
373 214 29
434 29 1
121 86 375
171 84 368
54 346 219
125 227 330
300 349 160
193 187 381
216 100 118
178 130 215
171 306 277
67 317 277
316 288 232
164 441 287
171 413 322
214 60 166
352 174 25
92 346 263
74 82 307
118 319 203
407 8 82
112 437 81
264 260 35
156 141 144
296 353 155
145 309 249
291 213 182
414 240 309
422 5 246
152 70 280
238 324 19
67 110 99
136 47 263
84 9 323
246 393 438
325 298 209
302 208 49
380 43 201
79 100 353
198 383 91
415 76 213
117 287 398
368 98 179
351 267 381
399 276 209
229 221 141
310 298 413
305 426 343
311 255 199
196 165 397
39 220 89
213 226 216
271 26 316
278 185 421
6 15 208
162 212 375
399 370 331
423 1 384
425 111 388
136 338 379
243 437 115
264 92 150
235 256 288
104 138 374
314 71 409
418 382 336
152 374 303
95 427 427
47 373 400
240 375 370
44 212 142
40 320 166
205 386 17
400 266 360
264 167 244
324 10 151
345 124 290
111 123 419
358 382 169
77 161 73
174 230 311
152 133 192
195 365 425
15 53 356
410 25 223
271 23 348
427 340 406
46 145 301
143 305 232
112 423 40
378 63 313
117 109 366
108 124 60
334 255 237
269 59 96
256 67 251
117 143 188
182 407 375
297 72 284
122 82 127
233 399 124
432 419 377
220 62 233
7 141 376
274 187 328
219 394 335
377 169 19
391 247 134
178 78 177
121 348 63
253 228 159
145 59 436
89 388 344
163 2 301
378 312 251
249 393 105
119 232 16
18 164 444
184 273 273
330 152 93
227 378 121
252 415 32
390 274 438
373 230 396
369 78 343
260 283 259
276 38 321
128 252 9
14 411 134
136 43 61
422 379 435
441 19 354
18 116 139
82 258 251
264 149 109
411 414 357
107 29 140
86 66 126
386 37 184
260 281 399
378 243 284
440 17 386
11 350 138
292 33 129
102 120 195
194 309 253
397 333 86
9 115 348
293 200 416
291 190 351
13 49 74
52 175 284
191 201 55
91 48 420
230 79 332
144 191 438
449 26 384
138 293 344
352 262 211
85 41 448
86 80 41
355 442 343
160 50 429
429 372 278
74 394 271
347 327 227
440 283 79
359 169 390
159 300 325
73 31 9
68 309 178
54 71 208
246 375 223
12 120 412
256 291 114
34 217 133
252 42 5
64 163 47
160 366 105
349 337 181
198 33 438
184 41 368
356 121 242
432 50 374
258 406 372
445 97 17
378 279 80
308 128 151
58 330 232
295 429 377
303 200 85
265 394 109
322 444 230
314 269 106
391 124 373
448 252 187
344 247 78
417 230 217
25 42 170
412 47 94
92 366 400
307 391 403
236 2 38
176 263 306
233 295 31
347 366 66
263 262 429
378 229 191
111 448 196
170 276 440
1 300 184
365 165 183
8 433 347
167 173 383
310 92 32
387 406 180
22 239 302
98 359 197
226 110 40
272 217 387
305 229 365
360 4 78
298 354 62
381 283 306
247 57 203
72 197 182
371 156 198
124 319 136
126 425 160
248 375 254
172 286 294
89 54 183
247 331 127
29 151 402
211 250 156
263 317 224
62 296 174
374 201 54
281 238 450
110 194 366
422 280 82
312 427 332
147 341 22
255 423 333
389 321 216
131 209 44
106 29 299
406 172 167
246 48 421
294 230 389
409 435 270
178 18 416
426 85 169
356 279 398
218 91 350
86 87 300
270 11 272
64 416 236
318 431 432
68 288 395
236 108 311
277 175 332
402 122 369
193 86 338
261 55 78
406 119 223
64 51 93
437 339 239
155 240 148
32 44 385
187 412 244
117 52 383
197 366 404
55 235 196
26 72 365
181 373 7
57 194 94
81 331 19
261 214 269
101 217 380
418 391 32
333 380 414
109 104 37
295 66 175
71 286 31
426 6 326
22 59 60
156 203 283
255 91 176
412 386 363
380 37 448
152 159 181
390 377 59
443 91 447
224 24 198
330 386 273
1 258 6
416 92 189
331 69 416
47 26 110
412 137 206
312 294 293
22 373 213
248 369 369
317 265 101
240 186 160
20 296 354
140 380 350
305 42 212
131 53 204
183 80 238
292 154 284
170 65 319
95 14 30
402 415 270
320 156 348
244 338 27
126 174 241
30 141 189
410 22 396
421 121 384
189 106 29
30 57 213
335 88 197
233 289 336
429 244 391
212 66 202
205 108 268
419 435 272
107 399 396
98 269 289
444 173 14
328 15 2
323 441 405
101 378 398
292 422 114
52 314 72
415 322 46
160 46 92
172 313 352
66 406 244
188 430 83
258 55 223
307 396 439
144 241 290
204 305 124
175 279 125
32 81 34
323 345 331
396 38 196
355 67 351
239 339 364
235 298 260
31 275 109
187 175 421
372 394 256
434 112 7
156 85 326
33 170 442
282 385 180
129 284 418
236 276 269
137 29 170
327 388 142
306 296 311
301 244 283
336 81 26
58 35 175
169 241 227
341 202 230
91 25 123
441 40 38
440 90 44
353 414 332
253 6 327
30 346 290
69 49 384
239 266 172
293 77 423
438 79 432
100 429 192
123 394 85
293 150 3
157 253 392
337 247 142
337 414 151
316 191 113
385 327 61
78 133 161
189 156 375
413 23 246
67 161 189
138 162 346
18 26 318
139 193 14
397 353 368
100 274 127
153 349 352
220 87 9
317 357 406
281 263 270
325 207 332
445 395 442
253 239 16
250 170 423
141 134 234
425 343 170
300 405 379
435 8 134
443 141 204
250 134 373
421 262 91
188 42 309
147 103 209
30 103 284
91 103 269
372 246 286
9 212 93
144 300 239
378 443 308
92 48 270
145 331 414
114 61 262
185 274 55
13 304 203
269 205 380
4
402 437 48 129 
225
53 125 250 131 445 45 450 169 216 264 203 424 21 32 448 312 20 449 149 354 353 30 154 444 123 39 214 185 401 373 41 312 43 252 231 178 167 177 279 271 216 299 249 230 136 208 184 313 3 363 71 421 123 274 192 87 89 318 218 93 199 18 50 66 40 183 420 332 204 331 429 182 190 203 181 273 65 108 146 229 432 41 61 78 22 37 160 394 191 184 38 44 131 25 394 433 254 362 191 313 258 298 102 424 341 68 341 354 167 384 262 160 246 137 252 366 252 191 110 148 284 1 59 322 176 432 238 122 238 100 355 230 339 351 81 212 419 206 341 379 160 373 449 161 99 336 132 15 218 44 247 262 97 189 21 289 327 406 168 172 111 353 259 134 306 266 277 152 335 160 44 399 274 343 444 334 438 4 91 312 195 369 228 299 90 399 280 398 350 332 220 276 399 250 237 300 324 94 382 155 362 385 386 118 17 144 55 167 354 159 324 235 193 168 149 70 431 212 15 341 28 344 255 250 275 