850 1700 50
42 68 35 1 70 25 79 59 63 65 6 46 82 28 62 92 96 43 28 37 92 5 3 54 93 83 22 17 19 96 48 27 72 39 70 13 68 100 36 95 4 12 23 34 74 65 42 12 54 69 48 45 63 58 38 60 24 42 30 79 17 36 91 43 89 7 41 43 65 49 47 6 91 30 71 51 7 2 94 49 30 24 85 55 57 41 67 77 32 9 45 40 27 24 38 39 19 83 30 42 34 16 40 59 5 31 78 7 74 87 22 46 25 73 71 30 78 74 98 13 87 91 62 37 56 68 56 75 32 53 51 51 42 25 67 31 8 92 8 38 58 88 54 84 46 10 10 59 22 89 23 47 7 31 14 69 1 92 63 56 11 60 25 38 49 84 96 42 3 51 92 37 75 21 97 22 49 100 69 85 82 35 54 100 19 39 1 89 28 68 29 94 49 84 8 22 11 18 14 15 10 17 36 52 1 50 20 57 99 4 25 9 45 10 90 3 96 86 94 44 24 88 15 4 49 1 59 19 81 97 99 82 90 99 10 58 73 23 39 93 39 80 91 58 59 92 16 89 57 12 3 35 73 56 29 47 63 87 76 34 70 43 45 17 82 99 23 52 22 100 58 77 93 90 76 13 1 11 4 70 62 89 2 90 56 24 3 86 83 86 89 27 18 58 33 33 70 55 22 90 77 30 69 93 26 56 35 50 42 13 46 61 19 54 40 24 80 97 88 30 50 38 67 50 94 96 98 17 87 6 89 83 56 35 15 2 17 72 87 64 14 56 86 54 13 9 33 46 14 57 22 59 47 83 82 45 97 23 30 62 36 51 74 67 45 60 93 40 54 25 55 11 46 50 87 14 75 23 69 19 88 6 59 92 3 26 78 15 15 25 35 75 73 60 34 71 88 98 19 78 74 71 64 69 93 86 3 81 14 28 3 100 28 26 44 25 24 73 62 82 4 33 6 94 26 32 93 43 23 87 65 1 88 61 14 75 71 71 36 34 12 61 97 68 86 51 41 95 96 25 20 26 77 95 59 3 72 67 79 94 52 85 19 65 20 53 1 88 61 27 11 58 71 16 77 28 44 59 65 10 83 87 66 88 78 75 26 28 30 29 24 21 3 63 24 97 38 62 96 26 65 61 3 17 31 27 12 72 12 48 54 21 91 25 89 64 41 52 63 30 1 14 59 79 66 8 78 1 59 40 4 61 58 25 78 9 14 88 2 51 61 29 94 85 6 41 12 5 36 57 73 51 24 86 57 17 27 58 27 58 38 72 70 62 97 23 18 13 18 97 86 42 24 30 30 66 60 33 97 56 54 63 85 35 55 73 58 70 33 64 8 84 12 36 68 49 76 39 24 43 55 12 42 76 60 26 22 71 27 35 6 84 51 99 80 2 94 35 38 35 57 94 77 6 63 49 82 1 14 42 56 56 43 63 12 78 25 79 53 44 97 74 41 14 76 73 19 11 18 33 13 96 70 32 41 89 86 91 98 90 91 46 54 15 52 41 45 59 36 60 93 6 65 82 4 30 76 9 93 98 50 57 62 28 68 42 30 41 14 75 2 78 16 84 14 93 25 2 93 60 71 29 28 85 76 87 99 71 88 48 5 4 22 64 7 64 11 72 90 41 65 43 20 14 92 5 19 33 51 6 76 40 4 23 99 48 85 49 72 65 14 76 46 13 47 79 70 63 20 86 90 45 66 41 46 9 19 71 2 24 33 73 53 88 71 64 2 4 24 28 1 70 16 66 29 44 48 89 44 38 10 64 50 82 89 43 9 61 22 59 55 89 47 91 50 44 31 21 49 68 37 84 36 27 86 39 54 30 25 49 24 60 58 67 45 56 19 27 12 26 56 2 50 97 85 16 65 43 76 14 43 97 49 73 27 7 74 30 5 6 27 13 76 94 66 37 37 42 15 95 
1 2 607
2 3 703
3 4 137
4 5 239
5 6 83
6 7 506
7 8 616
8 9 282
9 10 381
10 11 842
11 12 176
12 13 312
13 14 338
14 15 787
15 16 141
16 17 801
17 18 563
18 19 385
19 20 694
20 21 154
21 22 167
22 23 703
23 24 409
24 25 463
25 26 134
26 27 355
27 28 154
28 29 485
29 30 804
30 31 657
31 32 149
32 33 75
33 34 418
34 35 814
35 36 760
36 37 229
37 38 301
38 39 681
39 40 69
40 41 709
41 42 251
42 43 356
43 44 762
44 45 815
45 46 4
46 47 277
47 48 744
48 49 560
49 50 453
50 51 162
51 52 440
52 53 299
53 54 433
54 55 54
55 56 75
56 57 521
57 58 303
58 59 124
59 60 432
60 61 670
61 62 479
62 63 710
63 64 309
64 65 520
65 66 172
66 67 254
67 68 696
68 69 432
69 70 155
70 71 493
71 72 386
72 73 664
73 74 749
74 75 490
75 76 823
76 77 839
77 78 338
78 79 461
79 80 12
80 81 285
81 82 609
82 83 612
83 84 560
84 85 544
85 86 666
86 87 620
87 88 288
88 89 820
89 90 59
90 91 251
91 92 372
92 93 765
93 94 668
94 95 66
95 96 756
96 97 166
97 98 481
98 99 490
99 100 463
100 101 389
101 102 33
102 103 255
103 104 786
104 105 311
105 106 685
106 107 125
107 108 731
108 109 66
109 110 452
110 111 592
111 112 266
112 113 830
113 114 111
114 115 399
115 116 124
116 117 789
117 118 178
118 119 283
119 120 207
120 121 640
121 122 614
122 123 659
123 124 192
124 125 491
125 126 24
126 127 114
127 128 29
128 129 535
129 130 129
130 131 401
131 132 822
132 133 186
133 134 725
134 135 222
135 136 284
136 137 768
137 138 654
138 139 696
139 140 719
140 141 426
141 142 327
142 143 330
143 144 601
144 145 49
145 146 760
146 147 444
147 148 437
148 149 331
149 150 767
150 151 350
151 152 318
152 153 679
153 154 330
154 155 215
155 156 522
156 157 756
157 158 327
158 159 17
159 160 717
160 161 527
161 162 617
162 163 188
163 164 482
164 165 415
165 166 491
166 167 587
167 168 72
168 169 613
169 170 272
170 171 115
171 172 410
172 173 16
173 174 53
174 175 124
175 176 125
176 177 142
177 178 446
178 179 313
179 180 374
180 181 332
181 182 557
182 183 369
183 184 819
184 185 503
185 186 458
186 187 508
187 188 532
188 189 163
189 190 737
190 191 281
191 192 315
192 193 460
193 194 685
194 195 607
195 196 391
196 197 44
197 198 247
198 199 253
199 200 205
200 201 696
201 202 259
202 203 249
203 204 692
204 205 113
205 206 32
206 207 365
207 208 290
208 209 309
209 210 73
210 211 805
211 212 196
212 213 203
213 214 620
214 215 680
215 216 389
216 217 74
217 218 719
218 219 667
219 220 660
220 221 199
221 222 437
222 223 797
223 224 663
224 225 284
225 226 259
226 227 123
227 228 297
228 229 543
229 230 288
230 231 526
231 232 448
232 233 559
233 234 653
234 235 208
235 236 699
236 237 631
237 238 393
238 239 151
239 240 479
240 241 400
241 242 503
242 243 49
243 244 283
244 245 541
245 246 266
246 247 326
247 248 263
248 249 218
249 250 237
250 251 548
251 252 819
252 253 348
253 254 329
254 255 252
255 256 467
256 257 431
257 258 200
258 259 776
259 260 659
260 261 230
261 262 721
262 263 741
263 264 661
264 265 698
265 266 513
266 267 806
267 268 276
268 269 793
269 270 262
270 271 305
271 272 249
272 273 197
273 274 215
274 275 597
275 276 789
276 277 20
277 278 139
278 279 464
279 280 626
280 281 716
281 282 472
282 283 476
283 284 316
284 285 129
285 286 485
286 287 671
287 288 56
288 289 115
289 290 8
290 291 63
291 292 562
292 293 775
293 294 650
294 295 470
295 296 331
296 297 474
297 298 301
298 299 734
299 300 826
300 301 711
301 302 188
302 303 187
303 304 488
304 305 429
305 306 494
306 307 837
307 308 115
308 309 115
309 310 142
310 311 400
311 312 436
312 313 806
313 314 588
314 315 655
315 316 188
316 317 74
317 318 615
318 319 621
319 320 109
320 321 819
321 322 582
322 323 286
323 324 653
324 325 524
325 326 603
326 327 545
327 328 527
328 329 27
329 330 347
330 331 773
331 332 300
332 333 191
333 334 275
334 335 120
335 336 94
336 337 312
337 338 242
338 339 740
339 340 770
340 341 466
341 342 406
342 343 786
343 344 67
344 345 1
345 346 766
346 347 60
347 348 15
348 349 667
349 350 744
350 351 775
351 352 760
352 353 551
353 354 146
354 355 224
355 356 290
356 357 412
357 358 573
358 359 119
359 360 159
360 361 532
361 362 769
362 363 727
363 364 461
364 365 223
365 366 175
366 367 280
367 368 311
368 369 603
369 370 783
370 371 742
371 372 196
372 373 665
373 374 25
374 375 515
375 376 453
376 377 206
377 378 211
378 379 475
379 380 173
380 381 472
381 382 623
382 383 48
383 384 328
384 385 440
385 386 106
386 387 446
387 388 395
388 389 301
389 390 194
390 391 755
391 392 782
392 393 163
393 394 623
394 395 490
395 396 679
396 397 813
397 398 413
398 399 18
399 400 609
400 401 166
401 402 209
402 403 224
403 404 710
404 405 85
405 406 105
406 407 587
407 408 70
408 409 109
409 410 846
410 411 457
411 412 517
412 413 1
413 414 318
414 415 693
415 416 538
416 417 483
417 418 807
418 419 375
419 420 48
420 421 772
421 422 434
422 423 723
423 424 432
424 425 677
425 426 534
426 427 599
427 428 824
428 429 133
429 430 769
430 431 327
431 432 721
432 433 512
433 434 733
434 435 57
435 436 791
436 437 426
437 438 75
438 439 537
439 440 128
440 441 670
441 442 594
442 443 735
443 444 378
444 445 569
445 446 469
446 447 742
447 448 747
448 449 134
449 450 679
450 451 78
451 452 527
452 453 572
453 454 498
454 455 613
455 456 4
456 457 828
457 458 359
458 459 446
459 460 159
460 461 386
461 462 489
462 463 438
463 464 94
464 465 64
465 466 402
466 467 351
467 468 479
468 469 412
469 470 701
470 471 100
471 472 143
472 473 605
473 474 570
474 475 682
475 476 266
476 477 718
477 478 714
478 479 244
479 480 785
480 481 823
481 482 573
482 483 731
483 484 252
484 485 393
485 486 78
486 487 278
487 488 271
488 489 703
489 490 765
490 491 532
491 492 441
492 493 324
493 494 538
494 495 374
495 496 730
496 497 446
497 498 620
498 499 628
499 500 143
500 501 711
501 502 133
502 503 9
503 504 277
504 505 138
505 506 821
506 507 229
507 508 552
508 509 559
509 510 414
510 511 511
511 512 284
512 513 37
513 514 193
514 515 111
515 516 223
516 517 329
517 518 585
518 519 742
519 520 319
520 521 104
521 522 418
522 523 216
523 524 739
524 525 182
525 526 758
526 527 651
527 528 565
528 529 749
529 530 409
530 531 112
531 532 564
532 533 457
533 534 408
534 535 729
535 536 790
536 537 736
537 538 416
538 539 626
539 540 787
540 541 537
541 542 184
542 543 711
543 544 581
544 545 549
545 546 429
546 547 593
547 548 534
548 549 41
549 550 817
550 551 36
551 552 261
552 553 550
553 554 788
554 555 643
555 556 533
556 557 529
557 558 453
558 559 320
559 560 645
560 561 545
561 562 659
562 563 753
563 564 598
564 565 433
565 566 186
566 567 409
567 568 715
568 569 98
569 570 294
570 571 450
571 572 766
572 573 492
573 574 190
574 575 801
575 576 263
576 577 49
577 578 174
578 579 302
579 580 675
580 581 584
581 582 142
582 583 1
583 584 305
584 585 641
585 586 198
586 587 670
587 588 781
588 589 479
589 590 182
590 591 245
591 592 791
592 593 738
593 594 50
594 595 426
595 596 834
596 597 439
597 598 693
598 599 244
599 600 203
600 601 362
601 602 711
602 603 535
603 604 141
604 605 48
605 606 236
606 607 680
607 608 91
608 609 106
609 610 742
610 611 643
611 612 461
612 613 800
613 614 329
614 615 630
615 616 372
616 617 778
617 618 74
618 619 644
619 620 771
620 621 248
621 622 227
622 623 677
623 624 241
624 625 633
625 626 829
626 627 110
627 628 19
628 629 140
629 630 160
630 631 50
631 632 175
632 633 573
633 634 181
634 635 659
635 636 768
636 637 9
637 638 528
638 639 654
639 640 71
640 641 308
641 642 597
642 643 175
643 644 123
644 645 712
645 646 320
646 647 712
647 648 7
648 649 141
649 650 564
650 651 534
651 652 117
652 653 383
653 654 803
654 655 192
655 656 705
656 657 14
657 658 313
658 659 197
659 660 161
660 661 216
661 662 705
662 663 50
663 664 587
664 665 431
665 666 699
666 667 683
667 668 788
668 669 285
669 670 441
670 671 118
671 672 7
672 673 171
673 674 242
674 675 183
675 676 600
676 677 124
677 678 309
678 679 206
679 680 722
680 681 96
681 682 497
682 683 567
683 684 379
684 685 829
685 686 830
686 687 409
687 688 378
688 689 1
689 690 408
690 691 780
691 692 282
692 693 446
693 694 129
694 695 27
695 696 554
696 697 500
697 698 735
698 699 266
699 700 544
700 701 9
701 702 223
702 703 194
703 704 180
704 705 715
705 706 819
706 707 806
707 708 142
708 709 24
709 710 423
710 711 799
711 712 552
712 713 787
713 714 445
714 715 297
715 716 128
716 717 168
717 718 180
718 719 167
719 720 775
720 721 492
721 722 170
722 723 813
723 724 497
724 725 94
725 726 592
726 727 466
727 728 600
728 729 508
729 730 241
730 731 553
731 732 237
732 733 52
733 734 138
734 735 627
735 736 113
736 737 806
737 738 234
738 739 745
739 740 431
740 741 798
741 742 516
742 743 716
743 744 814
744 745 762
745 746 679
746 747 679
747 748 729
748 749 541
749 750 362
750 751 498
751 752 746
752 753 171
753 754 226
754 755 740
755 756 101
756 757 200
757 758 784
758 759 266
759 760 115
760 761 283
761 762 658
762 763 233
763 764 397
764 765 218
765 766 473
766 767 633
767 768 361
768 769 642
769 770 432
770 771 488
771 772 756
772 773 530
773 774 372
774 775 589
775 776 752
776 777 748
777 778 409
778 779 297
779 780 177
780 781 260
781 782 440
782 783 673
783 784 467
784 785 837
785 786 56
786 787 329
787 788 715
788 789 611
789 790 354
790 791 728
791 792 749
792 793 604
793 794 662
794 795 332
795 796 183
796 797 556
797 798 598
798 799 7
799 800 253
800 801 522
801 802 297
802 803 782
803 804 522
804 805 656
805 806 648
806 807 775
807 808 469
808 809 636
809 810 327
810 811 75
811 812 110
812 813 349
813 814 175
814 815 754
815 816 123
816 817 436
817 818 794
818 819 839
819 820 504
820 821 483
821 822 498
822 823 631
823 824 377
824 825 179
825 826 501
826 827 352
827 828 312
828 829 600
829 830 456
830 831 14
831 832 617
832 833 374
833 834 112
834 835 296
835 836 524
836 837 225
837 838 701
838 839 554
839 840 332
840 841 38
841 842 150
842 843 261
843 844 794
844 845 466
845 846 373
846 847 830
847 848 632
848 849 413
849 850 727
131 598 541
521 306 73
282 590 821
215 132 309
243 207 229
798 507 822
316 847 548
420 745 230
338 360 135
70 79 368
615 477 285
668 57 429
197 69 591
749 736 37
499 521 311
421 514 216
135 319 181
481 468 738
694 237 58
110 828 25
82 353 522
69 444 336
337 712 605
777 407 119
122 714 751
542 538 289
138 556 540
197 632 344
434 788 562
94 568 152
482 548 366
553 5 635
395 776 472
564 532 623
456 257 794
493 731 781
418 162 114
568 702 17
179 719 41
82 184 830
263 360 304
736 396 566
824 71 486
180 477 606
625 672 159
809 657 503
832 256 241
575 313 786
712 681 137
597 603 309
730 241 177
558 44 91
47 75 124
397 381 386
23 451 708
6 267 742
638 582 169
265 697 76
159 763 287
405 63 394
742 22 73
712 749 519
168 768 365
650 541 786
10 620 646
203 541 730
399 206 142
811 182 253
253 234 580
687 243 754
533 371 515
418 345 464
429 253 165
519 721 556
647 745 238
526 727 74
590 30 191
288 61 372
96 322 421
633 640 156
728 130 757
512 586 538
846 134 389
185 230 694
340 313 266
801 406 758
767 120 585
371 608 249
145 848 619
338 395 573
64 629 365
751 274 741
804 152 428
147 743 222
813 402 264
72 166 422
495 761 496
591 573 363
251 66 406
843 239 830
332 759 755
422 408 446
488 145 191
739 205 805
373 126 529
474 532 631
833 174 195
230 147 738
545 106 117
650 90 139
713 86 248
759 381 275
208 388 675
470 173 94
455 785 212
456 407 535
275 333 520
791 683 35
30 380 434
267 237 326
318 838 179
669 178 538
491 157 696
760 652 294
33 437 331
425 808 785
25 220 441
77 292 802
679 141 25
122 192 290
487 41 690
443 504 64
481 404 656
376 630 846
189 169 399
683 690 616
421 244 527
422 39 179
681 600 479
841 174 594
184 644 550
152 208 103
491 488 697
591 838 564
350 717 241
412 436 227
710 328 333
760 840 356
274 114 323
745 467 211
89 739 162
195 118 126
517 440 343
313 298 753
717 600 374
226 604 299
651 721 137
108 468 807
56 482 213
469 326 357
731 46 395
841 454 839
215 651 420
322 292 484
783 76 843
619 451 105
178 186 558
683 44 291
753 501 234
522 472 62
290 589 392
308 348 653
308 480 653
383 291 653
268 173 746
185 159 462
592 95 750
238 629 643
757 142 148
669 196 131
463 515 211
511 736 524
304 113 404
53 20 55
129 103 625
449 331 545
644 300 519
265 14 3
723 621 832
797 712 770
798 299 304
152 180 4
293 73 489
713 335 501
23 441 662
142 552 531
177 417 127
478 121 166
248 449 730
185 708 334
812 203 213
720 221 323
773 342 787
838 518 268
192 99 218
699 66 190
132 120 782
303 231 279
781 140 203
780 473 315
457 396 779
781 641 261
677 472 587
509 244 691
433 688 94
530 725 244
732 754 462
640 113 208
597 552 574
390 568 691
653 467 634
711 560 396
836 352 466
52 691 210
647 84 351
208 772 176
831 438 722
38 800 605
329 439 501
530 762 219
205 741 129
659 573 799
360 749 186
281 15 18
643 547 462
97 339 21
138 227 306
267 222 611
652 159 134
805 166 727
701 485 10
193 799 74
93 44 184
387 104 291
161 95 19
327 699 140
798 480 598
100 332 670
275 99 800
786 800 574
593 32 305
761 185 36
167 617 344
554 117 354
558 174 835
192 568 699
169 331 212
264 791 328
793 755 400
324 396 507
59 590 509
609 40 398
41 419 15
125 27 440
803 317 63
41 671 227
745 592 237
651 710 538
533 686 441
650 837 506
331 79 3
477 263 75
165 473 833
285 829 697
489 529 684
275 16 661
795 379 722
255 821 178
123 485 52
575 587 185
601 188 811
25 791 807
221 631 736
695 283 126
19 824 463
287 749 556
362 18 193
839 848 747
403 482 316
839 359 430
96 845 200
96 673 676
612 623 174
780 189 548
142 709 504
327 176 585
551 579 533
619 337 279
90 739 22
826 464 828
325 775 482
500 312 813
702 599 446
684 217 688
157 394 35
394 510 822
258 844 669
477 120 108
92 392 615
773 116 423
80 842 466
615 637 508
559 701 703
843 442 780
548 128 749
75 125 375
283 786 589
270 63 330
834 10 429
123 736 501
75 594 156
63 466 668
107 478 185
704 341 485
691 622 236
534 541 143
148 837 569
321 675 498
126 455 770
258 178 594
568 417 603
738 701 620
718 591 535
189 7 309
382 229 465
187 440 25
370 628 5
288 642 649
43 303 172
354 347 257
659 84 709
211 584 287
354 36 793
142 261 62
170 94 229
337 114 314
341 835 16
656 12 363
361 60 102
39 621 625
407 358 585
751 152 40
308 142 91
14 663 406
660 294 823
752 377 794
573 317 452
825 279 533
561 370 204
429 108 693
751 104 343
470 770 773
457 395 156
390 834 663
159 558 189
110 372 122
254 198 465
74 830 490
816 38 7
282 671 240
266 23 484
510 554 56
741 410 737
237 380 43
267 796 457
638 803 605
716 784 561
569 132 789
18 277 699
514 171 304
207 320 417
372 293 108
163 761 348
193 581 18
94 777 665
476 118 485
220 572 443
464 455 167
243 65 826
250 313 701
751 827 430
743 28 390
361 336 623
384 695 662
64 55 197
89 759 258
580 24 515
674 97 238
281 669 262
142 592 433
773 512 842
12 131 449
369 292 751
579 318 618
364 746 592
836 618 229
4 710 374
131 454 220
17 184 718
285 353 131
157 632 268
660 167 288
421 78 646
464 289 472
347 616 343
111 358 556
54 372 181
640 431 76
520 291 628
798 437 355
239 82 845
738 261 19
569 410 828
159 70 230
616 351 147
703 409 431
793 207 100
404 473 661
394 155 834
146 830 272
228 360 142
521 589 217
133 336 571
679 812 761
508 483 63
206 79 80
197 238 589
20 184 541
695 467 784
759 758 618
634 604 286
358 44 844
443 317 2
290 45 188
75 813 148
201 146 568
542 43 688
330 614 647
460 90 529
709 737 295
140 533 520
170 194 343
512 615 628
457 445 206
263 212 214
743 115 704
96 763 782
596 160 199
518 275 412
304 836 278
183 191 163
677 378 18
640 793 651
350 609 227
604 736 281
731 46 138
323 73 378
829 462 62
704 531 354
743 72 386
178 244 401
355 22 771
652 26 182
41 435 191
336 785 649
689 716 47
112 463 403
131 188 665
257 649 657
620 351 833
501 544 300
382 345 32
76 405 351
576 467 689
251 74 244
441 831 146
268 260 514
728 380 239
804 114 330
719 667 30
377 638 3
165 343 24
322 549 574
103 649 596
547 259 809
411 394 16
431 653 611
178 57 506
465 174 370
665 704 356
734 579 696
590 834 586
550 769 195
483 286 349
431 183 107
160 673 483
101 407 436
11 172 628
337 694 419
183 596 272
803 43 162
229 435 63
793 531 562
284 59 677
806 92 844
238 478 420
134 125 394
685 475 45
182 368 128
755 97 387
439 141 388
750 60 229
57 378 704
842 351 512
125 744 346
616 266 755
606 319 192
585 699 476
263 824 213
818 608 547
689 687 645
196 694 73
161 131 506
9 498 821
140 474 78
14 55 447
572 651 242
391 547 576
163 675 80
195 754 695
343 568 88
390 430 692
275 635 611
51 658 322
492 644 18
68 4 544
44 440 112
575 229 429
548 301 793
95 455 674
553 137 98
97 827 762
504 39 572
536 256 200
806 679 418
351 320 442
316 618 347
94 638 572
812 68 250
144 148 352
778 293 305
69 19 292
146 213 521
844 719 276
819 585 325
784 260 400
15 596 604
782 252 688
464 714 402
369 491 418
433 469 235
53 187 670
748 238 698
424 219 478
99 544 183
371 470 44
477 165 405
484 394 446
461 444 843
848 291 250
440 844 175
699 175 815
623 270 319
515 684 789
361 503 514
558 500 139
345 282 471
756 572 469
471 809 758
297 733 389
322 724 57
7 840 107
595 452 124
318 101 398
786 392 657
260 314 202
380 645 94
92 196 129
699 456 715
235 728 125
204 307 118
277 556 753
686 769 649
479 162 590
558 741 176
360 133 740
97 51 163
572 630 23
336 428 454
376 471 586
352 52 648
201 102 436
543 623 67
766 679 662
675 789 97
239 495 207
77 153 409
788 122 487
508 28 729
729 598 650
430 496 479
462 227 470
477 192 648
185 282 607
184 705 620
259 757 322
645 716 717
610 348 486
91 578 850
605 237 439
825 394 378
780 438 206
382 604 551
554 290 189
565 109 711
91 600 448
357 805 305
587 286 600
192 714 313
832 234 52
829 138 784
450 415 734
807 469 11
718 259 92
532 538 635
199 402 120
533 357 143
840 188 563
210 721 386
813 416 398
827 225 785
353 834 829
586 125 185
225 50 113
634 25 593
554 773 656
213 463 674
534 361 523
553 698 773
200 88 318
606 682 98
305 337 158
649 241 199
135 198 235
592 26 497
105 179 39
342 829 46
142 288 407
817 804 444
455 347 210
324 305 566
339 707 410
192 350 326
436 112 48
318 364 378
412 697 660
641 581 591
534 266 337
123 267 495
436 788 317
793 250 372
644 678 586
700 141 86
275 119 169
656 380 209
92 226 237
81 717 721
85 698 779
736 255 501
723 15 562
740 251 455
533 517 842
120 646 307
588 307 458
616 758 579
599 775 556
541 491 83
258 797 418
240 568 8
584 197 413
702 590 27
395 307 665
150 337 180
776 323 80
2 513 577
614 558 271
89 513 795
411 131 351
44 607 212
98 840 259
790 453 130
318 170 208
184 748 228
375 764 10
621 593 190
386 322 252
534 280 109
586 420 798
454 549 803
155 389 583
515 617 32
279 524 28
72 714 183
190 167 439
20 490 414
409 452 822
333 115 689
462 635 510
551 225 684
809 515 450
645 473 742
17 78 203
565 342 139
560 568 606
187 25 373
289 242 699
454 635 669
841 373 369
424 477 38
233 692 646
168 416 25
552 847 457
25 167 282
494 791 435
846 827 378
355 319 42
191 716 42
371 310 751
667 317 244
174 65 56
307 53 17
775 597 633
40 97 446
54 403 452
676 254 785
100 601 206
546 176 71
736 546 444
273 433 807
596 661 777
592 101 841
195 253 351
665 687 462
360 635 230
834 101 33
656 237 85
590 368 283
366 167 439
76 352 511
500 433 572
94 689 605
343 446 731
538 518 421
96 734 66
47 234 191
532 640 840
633 218 30
803 480 764
400 603 696
311 452 269
64 164 458
654 27 618
161 780 565
666 832 193
498 823 556
387 808 209
214 163 11
346 466 731
415 847 791
98 393 15
244 685 71
415 751 357
656 703 47
333 812 368
415 696 426
404 499 270
329 789 822
792 148 98
759 153 72
658 523 510
347 800 200
720 471 587
834 663 216
153 786 342
849 518 809
45 420 782
629 709 208
159 207 50
275 827 575
407 775 335
578 747 596
82 665 600
368 589 758
443 555 256
847 368 656
491 644 634
647 680 337
6 134 255
81 53 355
729 589 221
304 573 727
351 116 237
831 481 426
510 115 439
507 541 739
82 148 143
818 771 132
261 20 732
590 84 173
713 53 503
578 122 249
847 746 357
522 187 695
627 95 834
297 491 486
314 274 788
503 819 81
805 617 609
412 757 769
451 143 27
57 403 485
573 521 813
600 726 762
500 496 389
470 602 634
148 693 149
834 496 288
13 294 409
709 372 417
522 733 642
683 789 766
5
89 129 426 654 295 
425
377 667 449 40 684 656 448 247 670 726 68 38 571 81 443 486 90 824 81 174 578 787 732 336 523 496 580 786 414 336 186 284 487 797 249 386 303 522 761 733 687 39 370 237 443 716 579 799 47 37 612 777 748 222 253 446 753 515 90 23 558 671 671 205 660 31 499 442 161 761 692 368 784 826 237 750 776 291 777 657 723 304 837 568 166 593 546 167 607 587 788 499 727 515 236 216 209 791 511 265 755 163 203 789 207 626 31 350 230 530 664 789 218 772 546 42 270 590 509 416 813 774 732 721 198 704 609 559 566 180 467 490 214 722 442 110 782 623 815 767 489 321 119 100 656 451 695 187 129 707 528 114 724 72 378 74 512 474 585 503 88 818 14 204 627 196 646 314 707 171 60 356 397 184 424 603 30 770 177 144 136 216 772 145 108 272 288 50 370 97 616 553 393 304 608 391 310 608 687 160 766 187 570 260 214 736 179 702 269 770 457 782 779 575 346 244 675 567 575 762 736 623 472 708 496 525 789 484 309 296 223 834 282 604 533 501 291 231 409 206 403 759 469 358 262 321 779 707 214 783 143 183 118 271 559 675 588 595 734 115 65 165 397 591 226 756 414 18 693 632 520 331 469 829 399 471 580 642 367 388 709 227 376 560 519 671 686 715 807 348 257 385 811 752 59 29 195 690 525 327 345 691 640 473 620 552 453 195 124 190 210 778 688 537 217 128 720 624 450 415 216 245 337 720 179 227 9 303 497 788 816 39 817 489 683 25 784 516 7 157 313 267 725 230 243 285 623 250 447 177 83 3 76 317 66 103 60 6 368 745 155 744 25 550 373 122 434 814 368 494 624 161 576 575 36 202 173 459 196 827 371 792 539 730 573 378 844 9 355 73 277 688 217 204 691 263 390 254 230 500 423 803 403 420 55 830 385 539 375 127 314 85 23 549 304 154 608 19 484 238 296 430 662 195 660 