750 1500 40
42 68 15 21 50 45 39 79 3 65 26 66 2 28 42 12 36 23 28 77 72 45 63 74 53 63 62 77 39 56 8 47 52 19 30 73 68 60 76 55 64 52 43 14 74 25 22 32 14 69 28 45 23 38 38 60 4 62 10 59 77 76 31 3 49 27 1 63 65 9 7 46 51 10 51 71 47 62 74 29 30 64 5 35 37 1 7 17 12 69 65 40 67 44 18 19 39 3 50 62 34 76 80 59 65 11 58 67 74 67 62 26 45 33 31 70 58 54 58 33 67 11 42 77 36 48 56 55 32 53 71 31 62 45 47 71 68 32 8 58 18 48 74 64 66 30 50 79 62 29 23 67 67 71 14 49 21 32 43 56 51 40 25 58 29 4 76 42 3 31 52 37 15 61 37 22 69 80 69 5 42 15 54 80 19 19 21 29 48 68 49 14 9 4 48 22 71 58 14 75 70 17 56 12 41 50 40 37 79 64 65 49 5 50 30 63 76 6 54 24 44 68 35 64 9 1 19 59 21 37 79 2 70 79 10 38 73 23 59 53 39 20 31 58 39 32 56 9 37 72 43 75 33 56 9 7 43 7 76 34 30 63 5 57 42 79 3 12 22 20 38 77 53 70 36 73 41 31 44 70 22 49 42 30 56 24 43 26 23 46 49 67 58 78 73 53 10 75 42 70 57 50 49 53 66 76 75 70 2 73 66 61 39 74 60 24 40 77 48 50 70 78 27 70 34 76 18 17 47 26 9 43 56 55 35 22 37 32 27 24 74 36 66 54 33 9 73 66 74 77 2 39 47 63 2 65 77 63 10 2 16 51 54 67 45 60 53 40 54 25 75 71 26 10 67 74 75 23 9 19 68 66 39 32 43 26 78 15 35 65 55 35 53 80 74 71 48 58 79 18 14 31 4 29 73 66 63 1 14 28 3 20 48 66 24 5 64 53 22 22 44 73 66 74 6 72 13 63 23 7 25 61 68 41 14 15 31 51 76 34 32 1 17 28 6 71 61 15 56 25 20 46 17 15 19 63 12 67 39 34 12 45 59 65 80 33 1 8 21 7 51 38 11 76 57 68 44 39 45 70 43 47 46 48 58 75 66 28 30 9 64 41 23 3 44 37 58 62 36 46 65 21 43 37 71 7 52 52 12 28 34 1 31 45 29 4 61 52 23 70 21 34 79 59 46 48 38 1 59 40 64 41 78 5 78 69 74 8 42 51 61 29 34 25 46 61 72 65 36 37 73 71 24 6 77 17 27 78 47 78 58 72 30 2 17 63 18 33 78 57 66 42 24 50 70 6 80 53 57 16 54 3 65 55 15 13 18 50 53 4 48 4 32 36 68 49 36 59 64 63 75 32 22 16 20 66 22 31 27 15 6 24 11 39 40 62 34 15 38 55 37 74 17 26 3 69 42 61 14 2 16 56 23 23 12 78 25 39 73 44 57 34 41 34 76 73 19 51 58 53 33 56 50 72 41 9 46 51 58 30 71 26 74 35 12 21 45 59 16 40 73 6 65 22 24 70 16 49 13 78 30 37 42 28 68 22 50 41 54 55 42 78 56 44 54 73 65 2 33 80 31 29 28 5 76 67 59 11 48 8 45 24 22 24 27 44 51 12 50 1 5 23 20 34 72 65 59 33 31 6 16 20 64 63 59 48 65 49 12 25 34 36 26 73 27 39 10 63 40 66 
1 2 540
2 3 195
3 4 616
4 5 541
5 6 746
6 7 9
7 8 569
8 9 121
9 10 602
10 11 574
11 12 133
12 13 473
13 14 153
14 15 338
15 16 71
16 17 514
17 18 652
18 19 604
19 20 174
20 21 528
21 22 351
22 23 720
23 24 516
24 25 316
25 26 29
26 27 544
27 28 598
28 29 589
29 30 694
30 31 638
31 32 660
32 33 214
33 34 550
34 35 182
35 36 89
36 37 93
37 38 609
38 39 561
39 40 222
40 41 259
41 42 705
42 43 639
43 44 647
44 45 691
45 46 450
46 47 94
47 48 431
48 49 121
49 50 749
50 51 68
51 52 37
52 53 534
53 54 36
54 55 727
55 56 186
56 57 289
57 58 104
58 59 130
59 60 725
60 61 749
61 62 424
62 63 360
63 64 8
64 65 17
65 66 445
66 67 706
67 68 69
68 69 477
69 70 662
70 71 26
71 72 106
72 73 252
73 74 50
74 75 497
75 76 585
76 77 516
77 78 715
78 79 93
79 80 576
80 81 664
81 82 393
82 83 447
83 84 199
84 85 323
85 86 177
86 87 357
87 88 674
88 89 430
89 90 155
90 91 706
91 92 377
92 93 563
93 94 626
94 95 94
95 96 66
96 97 287
97 98 487
98 99 642
99 100 65
100 101 745
101 102 7
102 103 653
103 104 687
104 105 89
105 106 233
106 107 606
107 108 16
108 109 382
109 110 231
110 111 592
111 112 376
112 113 512
113 114 388
114 115 437
115 116 191
116 117 151
117 118 413
118 119 635
119 120 394
120 121 604
121 122 417
122 123 703
123 124 509
124 125 513
125 126 484
126 127 205
127 128 554
128 129 135
129 130 54
130 131 7
131 132 149
132 133 625
133 134 318
134 135 464
135 136 110
136 137 29
137 138 701
138 139 81
139 140 319
140 141 359
141 142 51
142 143 156
143 144 612
144 145 265
145 146 654
146 147 677
147 148 394
148 149 660
149 150 653
150 151 562
151 152 740
152 153 199
153 154 533
154 155 154
155 156 675
156 157 721
157 158 153
158 159 174
159 160 82
160 161 620
161 162 129
162 163 10
163 164 259
164 165 120
165 166 722
166 167 4
167 168 196
168 169 32
169 170 255
170 171 393
171 172 436
172 173 564
173 174 699
174 175 340
175 176 723
176 177 689
177 178 288
178 179 411
179 180 712
180 181 235
181 182 509
182 183 212
183 184 210
184 185 494
185 186 16
186 187 520
187 188 188
188 189 370
189 190 59
190 191 451
191 192 472
192 193 15
193 194 118
194 195 466
195 196 556
196 197 316
197 198 331
198 199 40
199 200 213
200 201 39
201 202 333
202 203 455
203 204 336
204 205 461
205 206 485
206 207 25
207 208 131
208 209 566
209 210 452
210 211 542
211 212 116
212 213 180
213 214 611
214 215 399
215 216 574
216 217 39
217 218 728
218 219 133
219 220 707
220 221 190
221 222 614
222 223 259
223 224 192
224 225 41
225 226 224
226 227 364
227 228 29
228 229 435
229 230 29
230 231 451
231 232 572
232 233 386
233 234 225
234 235 322
235 236 84
236 237 368
237 238 654
238 239 46
239 240 669
240 241 576
241 242 677
242 243 630
243 244 151
244 245 349
245 246 310
246 247 194
247 248 187
248 249 81
249 250 367
250 251 250
251 252 418
252 253 29
253 254 430
254 255 365
255 256 172
256 257 156
257 258 577
258 259 67
259 260 17
260 261 727
261 262 167
262 263 588
263 264 682
264 265 465
265 266 591
266 267 437
267 268 22
268 269 413
269 270 472
270 271 65
271 272 60
272 273 166
273 274 653
274 275 624
275 276 625
276 277 692
277 278 496
278 279 263
279 280 674
280 281 532
281 282 307
282 283 269
283 284 319
284 285 353
285 286 408
286 287 308
287 288 232
288 289 263
289 290 137
290 291 381
291 292 115
292 293 560
293 294 335
294 295 307
295 296 291
296 297 294
297 298 747
298 299 653
299 300 305
300 301 596
301 302 459
302 303 249
303 304 742
304 305 213
305 306 632
306 307 115
307 308 690
308 309 459
309 310 723
310 311 455
311 312 246
312 313 303
313 314 520
314 315 730
315 316 239
316 317 174
317 318 169
318 319 367
319 320 410
320 321 249
321 322 737
322 323 197
323 324 713
324 325 384
325 326 159
326 327 23
327 328 397
328 329 393
329 330 288
330 331 176
331 332 148
332 333 209
333 334 603
334 335 58
335 336 349
336 337 81
337 338 43
338 339 351
339 340 529
340 341 550
341 342 353
342 343 199
343 344 383
344 345 541
345 346 566
346 347 76
347 348 513
348 349 568
349 350 587
350 351 398
351 352 669
352 353 398
353 354 329
354 355 352
355 356 567
356 357 231
357 358 700
358 359 426
359 360 659
360 361 230
361 362 521
362 363 441
363 364 311
364 365 148
365 366 413
366 367 156
367 368 426
368 369 43
369 370 612
370 371 255
371 372 649
372 373 647
373 374 465
374 375 697
375 376 189
376 377 70
377 378 389
378 379 664
379 380 76
380 381 516
381 382 272
382 383 476
383 384 616
384 385 279
385 386 485
386 387 571
387 388 156
388 389 465
389 390 58
390 391 463
391 392 662
392 393 525
393 394 550
394 395 220
395 396 331
396 397 424
397 398 601
398 399 84
399 400 426
400 401 411
401 402 238
402 403 587
403 404 338
404 405 529
405 406 394
406 407 137
407 408 715
408 409 415
409 410 92
410 411 450
411 412 386
412 413 256
413 414 588
414 415 255
415 416 588
416 417 374
417 418 165
418 419 221
419 420 109
420 421 569
421 422 532
422 423 336
423 424 153
424 425 374
425 426 153
426 427 695
427 428 127
428 429 577
429 430 647
430 431 73
431 432 250
432 433 391
433 434 675
434 435 70
435 436 194
436 437 362
437 438 442
438 439 40
439 440 170
440 441 316
441 442 56
442 443 86
443 444 467
444 445 701
445 446 116
446 447 360
447 448 565
448 449 167
449 450 394
450 451 325
451 452 10
452 453 301
453 454 196
454 455 574
455 456 590
456 457 412
457 458 423
458 459 719
459 460 359
460 461 532
461 462 19
462 463 677
463 464 11
464 465 673
465 466 25
466 467 530
467 468 161
468 469 303
469 470 433
470 471 642
471 472 496
472 473 515
473 474 125
474 475 615
475 476 653
476 477 506
477 478 711
478 479 475
479 480 223
480 481 572
481 482 623
482 483 48
483 484 578
484 485 40
485 486 106
486 487 196
487 488 595
488 489 451
489 490 594
490 491 5
491 492 232
492 493 263
493 494 423
494 495 190
495 496 679
496 497 663
497 498 13
498 499 718
499 500 409
500 501 666
501 502 409
502 503 724
503 504 510
504 505 185
505 506 705
506 507 237
507 508 570
508 509 209
509 510 696
510 511 557
511 512 667
512 513 701
513 514 118
514 515 443
515 516 38
516 517 33
517 518 557
518 519 225
519 520 448
520 521 522
521 522 284
522 523 723
523 524 82
524 525 127
525 526 84
526 527 699
527 528 724
528 529 733
529 530 269
530 531 527
531 532 221
532 533 362
533 534 683
534 535 607
535 536 741
536 537 676
537 538 575
538 539 487
539 540 178
540 541 220
541 542 394
542 543 35
543 544 678
544 545 169
545 546 319
546 547 242
547 548 697
548 549 284
549 550 329
550 551 228
551 552 177
552 553 122
553 554 198
554 555 363
555 556 704
556 557 528
557 558 159
558 559 296
559 560 509
560 561 436
561 562 239
562 563 238
563 564 194
564 565 314
565 566 2
566 567 601
567 568 379
568 569 612
569 570 401
570 571 400
571 572 693
572 573 705
573 574 120
574 575 682
575 576 466
576 577 18
577 578 464
578 579 294
579 580 635
580 581 723
581 582 723
582 583 331
583 584 152
584 585 693
585 586 678
586 587 378
587 588 271
588 589 703
589 590 115
590 591 632
591 592 91
592 593 574
593 594 738
594 595 524
595 596 680
596 597 96
597 598 670
598 599 78
599 600 43
600 601 561
601 602 433
602 603 559
603 604 427
604 605 488
605 606 171
606 607 279
607 608 402
608 609 9
609 610 464
610 611 111
611 612 284
612 613 287
613 614 493
614 615 361
615 616 723
616 617 379
617 618 435
618 619 592
619 620 469
620 621 504
621 622 618
622 623 116
623 624 439
624 625 382
625 626 258
626 627 251
627 628 115
628 629 599
629 630 709
630 631 412
631 632 564
632 633 507
633 634 558
634 635 29
635 636 740
636 637 686
637 638 366
638 639 576
639 640 87
640 641 637
641 642 334
642 643 111
643 644 581
644 645 549
645 646 679
646 647 243
647 648 434
648 649 591
649 650 17
650 651 236
651 652 311
652 653 350
653 654 588
654 655 143
655 656 483
656 657 579
657 658 103
658 659 120
659 660 495
660 661 45
661 662 609
662 663 253
663 664 398
664 665 183
665 666 536
666 667 459
667 668 265
668 669 498
669 670 744
670 671 650
671 672 266
672 673 592
673 674 190
674 675 351
675 676 313
676 677 649
677 678 524
678 679 352
679 680 475
680 681 134
681 682 642
682 683 201
683 684 355
684 685 241
685 686 198
686 687 420
687 688 531
688 689 79
689 690 182
690 691 295
691 692 341
692 693 738
693 694 150
694 695 26
695 696 234
696 697 289
697 698 743
698 699 194
699 700 503
700 701 262
701 702 61
702 703 85
703 704 341
704 705 748
705 706 536
706 707 530
707 708 41
708 709 56
709 710 292
710 711 643
711 712 461
712 713 50
713 714 579
714 715 730
715 716 222
716 717 278
717 718 74
718 719 694
719 720 121
720 721 498
721 722 327
722 723 527
723 724 291
724 725 583
725 726 79
726 727 660
727 728 169
728 729 240
729 730 160
730 731 450
731 732 175
732 733 73
733 734 631
734 735 9
735 736 218
736 737 459
737 738 478
738 739 504
739 740 371
740 741 358
741 742 697
742 743 75
743 744 223
744 745 612
745 746 270
746 747 262
747 748 557
748 749 141
749 750 414
183 217 433
702 492 455
64 613 647
460 366 405
349 637 181
198 33 138
334 491 518
506 421 242
132 500 524
258 106 372
595 547 167
678 429 80
308 578 1
507 480 82
745 429 677
4 650 535
565 94 109
172 744 680
15 419 556
691 724 673
748 402 487
644 697 78
267 380 667
624 42 470
412 647 694
92 66 700
607 391 553
236 302 488
476 413 456
683 145 181
347 66 66
263 262 579
79 379 641
111 448 196
170 726 740
1 150 334
365 465 33
8 433 647
617 23 383
310 392 482
687 706 480
321 539 602
697 209 647
526 260 190
422 667 237
455 529 365
360 4 528
598 504 362
681 583 456
697 357 503
72 47 32
521 456 198
124 319 136
126 275 610
248 75 254
172 136 144
388 654 483
247 181 427
178 451 552
211 700 606
113 467 74
62 746 474
524 51 354
431 538 450
110 644 216
422 280 232
612 727 632
747 641 172
555 123 33
239 321 666
431 659 44
706 329 449
706 172 167
396 198 271
444 530 539
109 735 720
478 618 266
126 685 169
656 429 98
368 391 200
535 237 450
420 461 272
64 416 86
318 581 582
517 138 695
686 258 611
577 325 182
402 272 519
193 386 338
561 355 678
406 269 523
663 501 543
287 39 389
605 540 148
181 344 85
487 262 244
717 502 233
197 666 254
354 85 346
26 222 215
32 373 607
656 344 94
81 331 619
411 214 719
251 217 80
268 541 32
183 530 414
259 404 187
595 366 625
220 586 181
726 456 476
321 59 60
156 353 583
405 691 626
562 386 213
81 337 298
452 9 331
91 77 59
743 241 297
224 24 348
630 86 573
150 708 456
416 392 339
481 669 566
646 476 260
262 137 206
13 294 743
22 673 513
248 519 369
467 715 401
540 336 10
169 146 54
140 230 200
605 42 662
431 653 504
34 530 238
292 4 584
170 65 469
244 314 480
402 115 270
470 6 48
95 488 327
276 324 541
179 741 339
710 22 696
721 721 684
339 706 479
30 507 513
635 238 197
533 589 186
279 244 541
212 216 502
355 558 568
419 135 422
707 249 546
98 719 589
594 623 314
29 15 302
473 741 105
101 228 698
442 272 114
52 614 222
565 172 196
610 496 242
23 313 652
515 556 394
488 280 383
108 655 73
457 246 589
144 541 590
654 605 124
475 579 725
481 81 484
473 345 631
97 488 196
56 367 501
239 339 214
385 448 710
630 725 409
487 475 421
372 544 106
734 562 307
606 685 326
632 620 742
432 685 30
279 284 418
87 126 119
737 29 620
327 238 592
306 296 311
151 544 433
636 81 626
657 185 325
469 541 227
42 352 80
540 475 573
591 190 38
740 240 644
54 564 182
403 6 177
479 196 140
218 499 84
389 266 622
743 77 723
588 79 582
399 729 642
273 694 85
743 600 453
457 253 392
187 97 142
637 414 151
316 191 413
685 627 661
377 133 11
189 456 375
413 473 696
67 611 39
588 312 496
467 176 618
439 43 314
547 503 368
100 274 727
453 49 52
71 387 459
467 207 406
281 713 570
475 57 32
745 545 592
553 389 166
700 320 273
291 134 384
275 643 320
300 705 79
585 8 584
143 741 354
250 734 223
271 112 241
338 642 9
297 103 659
479 553 434
240 253 569
672 396 136
9 362 243
444 450 689
678 293 608
691 348 720
595 631 414
714 211 562
635 574 505
462 454 353
569 655 530
53 575 400
730 745 345
299 619 66
113 53 274
470 482 748
12 620 149
748 354 353
179 304 294
272 339 64
334 101 523
490 162 493
401 81 478
616 627 429
720 366 599
548 680 136
357 634 163
152 513 671
270 273 274
341 687 389
167 218 393
198 18 500
66 640 183
119 332 504
630 279 632
339 653 631
422 365 408
295 679 432
490 361 678
321 487 460
393 341 634
38 644 131
25 244 283
703 212 41
162 558 748
401 424 641
217 641 204
316 384 412
159 246 137
401 516 102
340 710 748
283 1 59
171 176 582
537 272 538
249 505 230
638 201 531
211 119 206
41 79 460
372 149 11
99 186 732
614 68 494
97 412 247
39 171 289
476 556 168
621 261 503
258 434 6
565 727 152
35 10 644
548 274 43
443 184 138
603 691 462
194 669 378
748 240 249
129 398 650
181 670 126
99 700 687
599 624 694
231 155 362
684 386 718
316 144 205
616 204 309
473 685 43
167 299 220
430 62 315
340 178 494
104 100 725
445 507 659
339 109 60
639 198 41
69 365 726
27 340 254
67 163 91
570 427 646
141 737 402
109 688 584
86 141 501
686 256 132
378 3 278
112 175 566
122 83 136
178 647 640
478 384 176
265 511 546
528 572 356
270 178 24
384 252 176
586 585 2
487 311 725
91 107 322
580 436 646
33 326 719
74 213 288
498 156 413
217 443 40
297 447 354
231 116 90
358 580 396
394 700 146
23 676 113
572 274 231
738 648 543
358 454 28
125 635 652
79 383 670
486 479 690
138 722 677
163 178 576
724 482 701
461 363 253
448 346 685
17 138 508
493 285 695
259 72 309
643 419 178
119 608 542
641 515 124
165 573 680
92 216 366
536 708 10
700 703 594
241 580 449
727 549 475
574 275 134
385 39 171
112 380 585
659 629 174
86 151 525
693 606 413
16 518 408
177 285 705
540 85 392
621 86 735
440 293 749
336 519 622
424 98 377
254 420 109
177 494 569
366 103 189
600 320 69
41 735 590
306 309 133
478 565 288
489 325 271
327 305 489
691 299 143
252 572 105
446 307 510
583 459 262
533 437 555
135 393 93
11 412 121
593 579 438
113 314 92
684 166 657
511 263 662
709 502 739
620 625 258
507 335 452
601 240 209
441 291 514
412 606 61
343 223 653
426 44 624
266 652 276
528 533 262
219 254 480
607 143 202
703 643 71
20 723 158
744 506 691
133 13 410
107 39 611
221 672 405
697 265 274
229 490 17
637 507 383
720 240 417
272 534 661
303 706 92
509 637 188
129 43 568
295 357 639
702 155 467
583 11 670
131 739 268
276 99 315
570 304 8
719 217 723
342 508 464
11 198 294
130 718 544
626 565 127
617 585 371
671 543 715
404 117 444
664 526 251
212 101 52
726 380 444
627 40 362
135 23 185
144 312 64
254 197 639
59 158 681
623 465 325
596 338 482
568 362 543
341 83 124
461 492 712
330 749 120
42 151 680
117 68 415
96 692 687
117 279 704
159 474 732
253 320 67
383 618 136
652 731 658
181 568 61
366 688 422
477 496 515
238 672 548
615 93 312
407 656 54
421 331 241
31 176 321
290 628 499
87 605 740
131 495 139
360 719 670
259 678 360
369 480 217
300 397 354
208 581 594
57 600 605
272 661 295
55 84 147
479 722 679
60 492 172
188 617 34
435 21 580
12 361 709
732 413 257
128 730 398
387 539 220
34 291 296
516 634 10
557 68 635
553 136 259
343 594 694
716 452 141
594 188 675
262 98 552
445 68 243
292 738 531
613 547 711
139 379 560
286 245 91
682 70 121
393 293 713
714 528 558
444 456 464
261 164 694
164 704 496
512 132 697
659 299 19
374 12 455
485 378 384
490 363 128
577 568 91
392 101 651
558 477 155
435 681 582
295 538 624
672 678 280
211 462 505
630 254 294
321 536 279
693 251 56
671 271 703
375 382 141
684 41 487
334 749 40
265 47 563
512 303 732
737 465 308
748 307 671
200 183 552
543 100 83
294 82 76
254 301 27
566 489 302
123 344 442
380 196 419
659 614 629
329 339 355
363 230 570
666 180 578
88 403 616
43 224 623
198 324 654
198 396 448
9 409 162
493 166 532
202 361 79
256 706 716
24 520 466
4 306 435
228 646 91
84 536 651
468 745 134
385 349 282
33 507 661
372 733 652
306 136 611
221 278 388
94 19 484
245 672 104
442 12 380
284 263 594
530 662 735
508 177 657
691 194 189
227 470 235
724 344 436
474 345 583
617 378 256
646 437 90
290 238 351
10 579 457
427 154 293
300 62 726
143 596 17
365 305 7
618 142 336
698 576 564
273 563 619
457 397 90
87 595 347
44 23 162
530 206 109
597 371 241
123 578 414
454 397 473
450 742 142
396 276 464
324 680 446
653 595 494
567 438 141
329 292 126
534 361 501
407 372 693
543 618 218
153 194 644
139 512 676
29 479 249
600 393 195
154 374 354
37 48 347
77 312 155
488 322 637
655 50 307
478 518 2
519 492 167
467 347 594
187 672 413
117 550 195
647 452 329
192 355 269
518 392 547
13 221 245
168 626 220
334 175 485
709 400 515
445 504 533
351 38 565
113 152 470
290 418 684
418 335 253
586 520 749
137 148 425
668 528 399
493 633 22
669 144 628
264 355 485
693 246 562
543 393 49
490 50 641
243 575 50
274 315 674
70 719 616
333 239 412
502 464 509
399 589 246
231 421 357
521 369 422
258 408 648
482 239 123
473 157 707
439 657 346
351 174 369
51 598 587
92 657 11
313 402 381
95 744 242
745 329 450
705 515 286
227 375 705
606 668 228
555 353 37
718 449 730
411 490 259
740 26 661
632 90 297
700 613 623
529 173 337
277 304 477
170 86 403
251 398 252
501 436 194
73 667 717
578 12 626
588 297 190
294 307 77
152 509 589
22 87 609
527 629 230
697 550 531
495 379 563
676 220 178
591 298 286
731 657 435
204 270 460
206 672 196
715 267 111
747 336 691
427 300 6
386 139 676
393 128 381
737 306 733
503 1 5
289 239 466
9 561 191
50 748 708
204 305 738
735 500 43
363 363 683
233 352 380
637 534 101
364 434 608
718 211 219
208 392 733
437 435 250
451 620 84
7 193 141
88 13 311
570 586 164
115 398 678
524 385 554
34 379 37
124 485 76
349 713 735
624 43 505
322 306 164
462 474 585
160 373 554
647 573 251
337 418 257
431 448 506
736 608 600
540 399 236
447 335 593
725 747 606
79 339 93
178 546 743
38 257 18
553 44 6
146 610 425
354 216 240
706 210 493
749 176 287
561 148 619
263 478 713
146 160 92
630 91 35
415 287 524
416 595 487
287 167 644
449 222 345
277 536 701
340 536 576
618 169 257
4
115 132 170 243 
375
730 9 292 226 537 731 717 471 385 248 79 187 205 201 24 115 662 291 251 255 234 17 392 421 346 7 89 7 358 17 608 179 700 675 656 442 741 583 109 497 668 541 218 208 735 497 213 653 740 427 346 157 65 601 87 30 527 323 130 52 63 427 165 608 321 39 313 395 62 431 201 644 107 62 398 690 309 291 203 230 369 420 8 535 548 728 676 614 710 622 143 590 337 372 502 535 130 359 687 720 398 5 299 453 606 489 33 566 517 232 580 24 228 272 564 633 141 67 739 320 340 264 260 602 22 34 615 39 13 185 10 252 575 234 560 715 650 596 23 542 167 378 303 566 392 139 561 718 56 288 225 223 690 442 649 555 85 619 692 623 419 475 427 638 384 242 496 19 266 475 503 97 707 25 217 582 645 741 85 297 627 278 456 519 542 142 716 442 722 260 451 718 517 444 375 565 6 408 3 167 276 547 383 540 47 646 4 403 402 77 654 185 150 351 656 347 276 471 87 296 44 74 283 357 147 211 527 443 301 291 296 353 101 66 287 112 11 235 480 285 51 333 307 437 85 291 618 683 317 617 389 426 352 361 451 483 122 694 39 255 94 646 31 389 418 171 596 384 616 697 84 641 133 690 590 684 318 380 4 180 614 101 3 146 362 652 569 464 314 658 305 727 618 712 680 15 217 32 693 199 23 406 588 258 659 715 263 261 197 316 131 416 697 41 298 543 215 695 585 521 466 701 457 607 553 697 584 112 318 416 646 176 355 199 170 330 239 72 93 98 448 10 403 72 659 623 610 498 500 400 371 571 537 485 413 416 704 736 492 450 318 459 95 170 432 380 109 708 10 207 600 76 277 625 608 