1200 2400 50
42 68 35 1 70 25 79 59 63 65 6 46 82 28 62 92 96 43 28 37 92 5 3 54 93 83 22 17 19 96 48 27 72 39 70 13 68 100 36 95 4 12 23 34 74 65 42 12 54 69 48 45 63 58 38 60 24 42 30 79 17 36 91 43 89 7 41 43 65 49 47 6 91 30 71 51 7 2 94 49 30 24 85 55 57 41 67 77 32 9 45 40 27 24 38 39 19 83 30 42 34 16 40 59 5 31 78 7 74 87 22 46 25 73 71 30 78 74 98 13 87 91 62 37 56 68 56 75 32 53 51 51 42 25 67 31 8 92 8 38 58 88 54 84 46 10 10 59 22 89 23 47 7 31 14 69 1 92 63 56 11 60 25 38 49 84 96 42 3 51 92 37 75 21 97 22 49 100 69 85 82 35 54 100 19 39 1 89 28 68 29 94 49 84 8 22 11 18 14 15 10 17 36 52 1 50 20 57 99 4 25 9 45 10 90 3 96 86 94 44 24 88 15 4 49 1 59 19 81 97 99 82 90 99 10 58 73 23 39 93 39 80 91 58 59 92 16 89 57 12 3 35 73 56 29 47 63 87 76 34 70 43 45 17 82 99 23 52 22 100 58 77 93 90 76 13 1 11 4 70 62 89 2 90 56 24 3 86 83 86 89 27 18 58 33 33 70 55 22 90 77 30 69 93 26 56 35 50 42 13 46 61 19 54 40 24 80 97 88 30 50 38 67 50 94 96 98 17 87 6 89 83 56 35 15 2 17 72 87 64 14 56 86 54 13 9 33 46 14 57 22 59 47 83 82 45 97 23 30 62 36 51 74 67 45 60 93 40 54 25 55 11 46 50 87 14 75 23 69 19 88 6 59 92 3 26 78 15 15 25 35 75 73 60 34 71 88 98 19 78 74 71 64 69 93 86 3 81 14 28 3 100 28 26 44 25 24 73 62 82 4 33 6 94 26 32 93 43 23 87 65 1 88 61 14 75 71 71 36 34 12 61 97 68 86 51 41 95 96 25 20 26 77 95 59 3 72 67 79 94 52 85 19 65 20 53 1 88 61 27 11 58 71 16 77 28 44 59 65 10 83 87 66 88 78 75 26 28 30 29 24 21 3 63 24 97 38 62 96 26 65 61 3 17 31 27 12 72 12 48 54 21 91 25 89 64 41 52 63 30 1 14 59 79 66 8 78 1 59 40 4 61 58 25 78 9 14 88 2 51 61 29 94 85 6 41 12 5 36 57 73 51 24 86 57 17 27 58 27 58 38 72 70 62 97 23 18 13 18 97 86 42 24 30 30 66 60 33 97 56 54 63 85 35 55 73 58 70 33 64 8 84 12 36 68 49 76 39 24 43 55 12 42 76 60 26 22 71 27 35 6 84 51 99 80 2 94 35 38 35 57 94 77 6 63 49 82 1 14 42 56 56 43 63 12 78 25 79 53 44 97 74 41 14 76 73 19 11 18 33 13 96 70 32 41 89 86 91 98 90 91 46 54 15 52 41 45 59 36 60 93 6 65 82 4 30 76 9 93 98 50 57 62 28 68 42 30 41 14 75 2 78 16 84 14 93 25 2 93 60 71 29 28 85 76 87 99 71 88 48 5 4 22 64 7 64 11 72 90 41 65 43 20 14 92 5 19 33 51 6 76 40 4 23 99 48 85 49 72 65 14 76 46 13 47 79 70 63 20 86 90 45 66 41 46 9 19 71 2 24 33 73 53 88 71 64 2 4 24 28 1 70 16 66 29 44 48 89 44 38 10 64 50 82 89 43 9 61 22 59 55 89 47 91 50 44 31 21 49 68 37 84 36 27 86 39 54 30 25 49 24 60 58 67 45 56 19 27 12 26 56 2 50 97 85 16 65 43 76 14 43 97 49 73 27 7 74 30 5 6 27 13 76 94 66 37 37 42 15 95 57 53 37 39 83 56 16 32 31 42 26 12 38 87 91 51 63 35 94 54 17 53 9 63 34 55 4 35 4 57 49 25 18 14 10 29 1 81 19 59 51 56 62 65 4 77 44 10 3 62 90 49 83 54 75 21 3 24 32 70 79 60 9 20 72 4 46 82 5 93 86 14 99 90 23 39 38 11 62 35 9 62 60 94 16 70 38 70 59 1 72 65 18 16 56 16 31 40 13 89 83 55 86 11 85 75 81 16 52 42 16 80 11 99 74 89 78 33 57 90 14 9 42 91 24 64 29 85 79 1 72 86 75 72 34 68 54 96 69 26 77 30 51 99 10 94 87 81 17 50 68 29 80 65 22 6 27 17 17 27 67 88 82 65 41 87 22 63 22 65 10 16 3 74 25 42 46 63 24 32 7 69 19 3 8 8 82 13 37 31 15 10 85 57 91 94 97 53 55 46 9 49 92 13 32 15 40 59 23 5 96 53 70 80 39 24 19 67 60 99 87 97 63 34 59 23 47 93 38 26 48 59 3 8 99 31 93 1 79 100 53 49 83 41 16 76 63 68 37 98 19 98 29 52 17 31 50 26 59 30 21 41 61 48 63 56 76 93 62 55 99 47 15 47 89 70 39 64 76 16 22 76 16 29 35 71 6 65 58 63 62 25 50 70 31 24 51 34 26 11 38 37 38 79 94 37 15 65 92 50 36 6 38 5 38 24 65 71 9 69 82 86 53 74 53 95 77 27 97 73 50 41 75 20 44 12 42 90 20 66 6 86 17 51 16 10 65 67 94 75 
1 2 310
2 3 301
3 4 496
4 5 1174
5 6 1190
6 7 1162
7 8 1173
8 9 1169
9 10 959
10 11 832
11 12 1069
12 13 227
13 14 911
14 15 823
15 16 775
16 17 380
17 18 911
18 19 753
19 20 583
20 21 192
21 22 1096
22 23 965
23 24 875
24 25 165
25 26 503
26 27 656
27 28 861
28 29 475
29 30 973
30 31 422
31 32 923
32 33 348
33 34 1178
34 35 190
35 36 406
36 37 196
37 38 1195
38 39 751
39 40 744
40 41 755
41 42 82
42 43 1013
43 44 873
44 45 640
45 46 229
46 47 1113
47 48 163
48 49 1168
49 50 409
50 51 816
51 52 709
52 53 424
53 54 960
54 55 35
55 56 405
56 57 687
57 58 720
58 59 959
59 60 1146
60 61 407
61 62 967
62 63 701
63 64 568
64 65 893
65 66 188
66 67 933
67 68 557
68 69 975
69 70 1048
70 71 222
71 72 284
72 73 1023
73 74 532
74 75 1177
75 76 984
76 77 549
77 78 724
78 79 1183
79 80 419
80 81 377
81 82 821
82 83 1112
83 84 983
84 85 1057
85 86 291
86 87 526
87 88 725
88 89 487
89 90 478
90 91 370
91 92 844
92 93 335
93 94 78
94 95 1069
95 96 1069
96 97 392
97 98 997
98 99 584
99 100 29
100 101 528
101 102 627
102 103 272
103 104 1098
104 105 813
105 106 704
106 107 228
107 108 609
108 109 746
109 110 1109
110 111 1186
111 112 239
112 113 238
113 114 44
114 115 914
115 116 902
116 117 451
117 118 1129
118 119 912
119 120 851
120 121 550
121 122 393
122 123 255
123 124 270
124 125 682
125 126 1066
126 127 1068
127 128 914
128 129 594
129 130 635
130 131 273
131 132 573
132 133 31
133 134 902
134 135 843
135 136 378
136 137 678
137 138 571
138 139 703
139 140 1165
140 141 182
141 142 991
142 143 424
143 144 1038
144 145 824
145 146 980
146 147 996
147 148 970
148 149 1128
149 150 43
150 151 111
151 152 583
152 153 259
153 154 727
154 155 1088
155 156 471
156 157 129
157 158 852
158 159 1059
159 160 14
160 161 261
161 162 584
162 163 887
163 164 343
164 165 211
165 166 873
166 167 1129
167 168 435
168 169 1042
169 170 319
170 171 1104
171 172 468
172 173 866
173 174 139
174 175 682
175 176 858
176 177 1151
177 178 1015
178 179 599
179 180 859
180 181 262
181 182 864
182 183 357
183 184 408
184 185 1079
185 186 290
186 187 236
187 188 366
188 189 876
189 190 387
190 191 187
191 192 634
192 193 1161
193 194 131
194 195 849
195 196 529
196 197 693
197 198 434
198 199 1041
199 200 767
200 201 536
201 202 611
202 203 800
203 204 1038
204 205 293
205 206 783
206 207 129
207 208 553
208 209 570
209 210 45
210 211 195
211 212 609
212 213 853
213 214 848
214 215 633
215 216 1136
216 217 9
217 218 865
218 219 1098
219 220 444
220 221 50
221 222 416
222 223 442
223 224 190
224 225 501
225 226 613
226 227 649
227 228 1124
228 229 652
229 230 475
230 231 1034
231 232 1092
232 233 801
233 234 655
234 235 391
235 236 498
236 237 120
237 238 981
238 239 979
239 240 932
240 241 145
241 242 941
242 243 288
243 244 900
244 245 926
245 246 84
246 247 739
247 248 293
248 249 194
249 250 653
250 251 1012
251 252 361
252 253 235
253 254 641
254 255 298
255 256 386
256 257 530
257 258 341
258 259 806
259 260 1192
260 261 193
261 262 11
262 263 350
263 264 1179
264 265 580
265 266 972
266 267 878
267 268 74
268 269 994
269 270 421
270 271 1098
271 272 627
272 273 77
273 274 591
274 275 583
275 276 379
276 277 360
277 278 19
278 279 90
279 280 160
280 281 1050
281 282 925
282 283 673
283 284 781
284 285 609
285 286 368
286 287 609
287 288 478
288 289 504
289 290 971
290 291 208
291 292 997
292 293 75
293 294 523
294 295 612
295 296 1020
296 297 1162
297 298 257
298 299 891
299 300 1164
300 301 1084
301 302 517
302 303 733
303 304 253
304 305 342
305 306 155
306 307 814
307 308 463
308 309 797
309 310 1061
310 311 216
311 312 105
312 313 200
313 314 937
314 315 1081
315 316 799
316 317 633
317 318 1188
318 319 185
319 320 41
320 321 1118
321 322 207
322 323 271
323 324 242
324 325 883
325 326 50
326 327 1124
327 328 559
328 329 106
329 330 822
330 331 296
331 332 97
332 333 317
333 334 79
334 335 579
335 336 380
336 337 1059
337 338 1178
338 339 751
339 340 808
340 341 930
341 342 82
342 343 596
343 344 279
344 345 677
345 346 154
346 347 500
347 348 985
348 349 1166
349 350 694
350 351 409
351 352 173
352 353 444
353 354 1130
354 355 315
355 356 569
356 357 256
357 358 392
358 359 1174
359 360 523
360 361 749
361 362 852
362 363 187
363 364 945
364 365 847
365 366 378
366 367 118
367 368 230
368 369 1117
369 370 1075
370 371 192
371 372 1070
372 373 113
373 374 947
374 375 694
375 376 692
376 377 216
377 378 550
378 379 458
379 380 241
380 381 853
381 382 237
382 383 152
383 384 1088
384 385 27
385 386 563
386 387 156
387 388 384
388 389 1195
389 390 181
390 391 498
391 392 666
392 393 666
393 394 114
394 395 862
395 396 579
396 397 679
397 398 79
398 399 941
399 400 1012
400 401 748
401 402 46
402 403 171
403 404 1176
404 405 290
405 406 751
406 407 150
407 408 934
408 409 666
409 410 615
410 411 483
411 412 608
412 413 1033
413 414 497
414 415 768
415 416 923
416 417 83
417 418 611
418 419 842
419 420 32
420 421 988
421 422 706
422 423 480
423 424 322
424 425 539
425 426 152
426 427 248
427 428 209
428 429 47
429 430 677
430 431 560
431 432 190
432 433 423
433 434 67
434 435 87
435 436 1056
436 437 829
437 438 815
438 439 61
439 440 454
440 441 978
441 442 149
442 443 504
443 444 62
444 445 832
445 446 283
446 447 456
447 448 998
448 449 507
449 450 353
450 451 222
451 452 497
452 453 1082
453 454 822
454 455 456
455 456 348
456 457 725
457 458 319
458 459 736
459 460 577
460 461 575
461 462 1060
462 463 999
463 464 75
464 465 854
465 466 923
466 467 1036
467 468 444
468 469 89
469 470 954
470 471 33
471 472 1148
472 473 1081
473 474 727
474 475 479
475 476 451
476 477 402
477 478 962
478 479 1000
479 480 456
480 481 1164
481 482 917
482 483 974
483 484 362
484 485 446
485 486 474
486 487 675
487 488 351
488 489 354
489 490 1182
490 491 688
491 492 300
492 493 111
493 494 644
494 495 666
495 496 1173
496 497 130
497 498 382
498 499 913
499 500 277
500 501 782
501 502 1048
502 503 491
503 504 1072
504 505 406
505 506 1173
506 507 33
507 508 390
508 509 921
509 510 366
510 511 1032
511 512 59
512 513 494
513 514 407
514 515 179
515 516 149
516 517 1007
517 518 772
518 519 167
519 520 997
520 521 1098
521 522 1021
522 523 895
523 524 1130
524 525 389
525 526 110
526 527 1185
527 528 1170
528 529 179
529 530 18
530 531 416
531 532 1027
532 533 85
533 534 769
534 535 1107
535 536 729
536 537 98
537 538 519
538 539 391
539 540 800
540 541 986
541 542 87
542 543 1200
543 544 421
544 545 311
545 546 272
546 547 214
547 548 1016
548 549 86
549 550 319
550 551 1181
551 552 132
552 553 68
553 554 1188
554 555 245
555 556 387
556 557 108
557 558 761
558 559 1028
559 560 475
560 561 32
561 562 1153
562 563 272
563 564 669
564 565 1094
565 566 686
566 567 338
567 568 112
568 569 805
569 570 678
570 571 407
571 572 569
572 573 223
573 574 214
574 575 201
575 576 543
576 577 738
577 578 39
578 579 989
579 580 156
580 581 90
581 582 448
582 583 782
583 584 1094
584 585 985
585 586 188
586 587 1162
587 588 94
588 589 1018
589 590 1102
590 591 683
591 592 648
592 593 66
593 594 1154
594 595 505
595 596 685
596 597 1096
597 598 326
598 599 222
599 600 365
600 601 182
601 602 73
602 603 907
603 604 57
604 605 944
605 606 994
606 607 681
607 608 481
608 609 469
609 610 1012
610 611 514
611 612 569
612 613 852
613 614 817
614 615 80
615 616 1169
616 617 241
617 618 332
618 619 934
619 620 980
620 621 264
621 622 260
622 623 254
623 624 337
624 625 896
625 626 366
626 627 1075
627 628 521
628 629 436
629 630 481
630 631 577
631 632 456
632 633 926
633 634 472
634 635 809
635 636 360
636 637 757
637 638 803
638 639 1033
639 640 706
640 641 841
641 642 176
642 643 1163
643 644 86
644 645 363
645 646 681
646 647 637
647 648 1198
648 649 3
649 650 909
650 651 481
651 652 541
652 653 77
653 654 659
654 655 294
655 656 541
656 657 147
657 658 75
658 659 774
659 660 1098
660 661 481
661 662 536
662 663 273
663 664 601
664 665 708
665 666 156
666 667 267
667 668 542
668 669 789
669 670 482
670 671 369
671 672 716
672 673 197
673 674 626
674 675 1010
675 676 413
676 677 137
677 678 656
678 679 763
679 680 1044
680 681 743
681 682 22
682 683 1123
683 684 513
684 685 849
685 686 819
686 687 969
687 688 918
688 689 115
689 690 851
690 691 91
691 692 936
692 693 760
693 694 770
694 695 296
695 696 504
696 697 1041
697 698 380
698 699 200
699 700 306
700 701 792
701 702 662
702 703 282
703 704 53
704 705 354
705 706 34
706 707 830
707 708 388
708 709 1043
709 710 1054
710 711 884
711 712 621
712 713 215
713 714 319
714 715 245
715 716 1064
716 717 30
717 718 253
718 719 865
719 720 1170
720 721 471
721 722 606
722 723 648
723 724 395
724 725 1088
725 726 327
726 727 877
727 728 924
728 729 541
729 730 480
730 731 1191
731 732 189
732 733 711
733 734 472
734 735 1146
735 736 422
736 737 871
737 738 984
738 739 790
739 740 1156
740 741 179
741 742 780
742 743 207
743 744 63
744 745 936
745 746 688
746 747 797
747 748 234
748 749 889
749 750 936
750 751 580
751 752 394
752 753 391
753 754 963
754 755 966
755 756 202
756 757 1106
757 758 1008
758 759 568
759 760 270
760 761 735
761 762 272
762 763 258
763 764 999
764 765 1146
765 766 398
766 767 1019
767 768 439
768 769 445
769 770 173
770 771 164
771 772 629
772 773 465
773 774 2
774 775 324
775 776 291
776 777 405
777 778 402
778 779 228
779 780 398
780 781 893
781 782 572
782 783 1164
783 784 502
784 785 764
785 786 522
786 787 1166
787 788 622
788 789 646
789 790 611
790 791 496
791 792 1142
792 793 623
793 794 613
794 795 352
795 796 216
796 797 856
797 798 994
798 799 339
799 800 880
800 801 683
801 802 409
802 803 655
803 804 223
804 805 308
805 806 246
806 807 139
807 808 145
808 809 691
809 810 140
810 811 355
811 812 605
812 813 1024
813 814 626
814 815 879
815 816 125
816 817 782
817 818 1131
818 819 934
819 820 624
820 821 195
821 822 331
822 823 847
823 824 188
824 825 646
825 826 806
826 827 217
827 828 951
828 829 90
829 830 939
830 831 364
831 832 536
832 833 298
833 834 1010
834 835 31
835 836 425
836 837 709
837 838 338
838 839 475
839 840 721
840 841 973
841 842 694
842 843 256
843 844 735
844 845 1162
845 846 1057
846 847 7
847 848 985
848 849 1076
849 850 783
850 851 920
851 852 742
852 853 433
853 854 685
854 855 780
855 856 280
856 857 284
857 858 268
858 859 837
859 860 126
860 861 119
861 862 738
862 863 29
863 864 920
864 865 178
865 866 1138
866 867 892
867 868 157
868 869 1196
869 870 461
870 871 302
871 872 394
872 873 1033
873 874 937
874 875 981
875 876 476
876 877 1108
877 878 785
878 879 475
879 880 320
880 881 391
881 882 77
882 883 42
883 884 952
884 885 1130
885 886 691
886 887 175
887 888 273
888 889 1192
889 890 190
890 891 188
891 892 291
892 893 840
893 894 494
894 895 654
895 896 264
896 897 1082
897 898 704
898 899 606
899 900 177
900 901 480
901 902 496
902 903 140
903 904 69
904 905 799
905 906 684
906 907 840
907 908 716
908 909 22
909 910 1194
910 911 227
911 912 123
912 913 1039
913 914 829
914 915 582
915 916 400
916 917 579
917 918 1092
918 919 1024
919 920 544
920 921 835
921 922 1044
922 923 150
923 924 303
924 925 308
925 926 103
926 927 1142
927 928 1088
928 929 1147
929 930 292
930 931 638
931 932 414
932 933 601
933 934 17
934 935 491
935 936 1163
936 937 536
937 938 327
938 939 211
939 940 678
940 941 583
941 942 1061
942 943 790
943 944 306
944 945 675
945 946 264
946 947 323
947 948 996
948 949 967
949 950 761
950 951 39
951 952 589
952 953 612
953 954 646
954 955 1068
955 956 26
956 957 468
957 958 1190
958 959 943
959 960 1064
960 961 1148
961 962 503
962 963 818
963 964 700
964 965 1024
965 966 427
966 967 4
967 968 49
968 969 652
969 970 371
970 971 237
971 972 1059
972 973 768
973 974 57
974 975 1006
975 976 732
976 977 1163
977 978 420
978 979 776
979 980 957
980 981 332
981 982 296
982 983 845
983 984 592
984 985 404
985 986 989
986 987 916
987 988 251
988 989 320
989 990 273
990 991 592
991 992 584
992 993 534
993 994 576
994 995 643
995 996 770
996 997 301
997 998 1155
998 999 79
999 1000 1186
1000 1001 1058
1001 1002 134
1002 1003 894
1003 1004 891
1004 1005 504
1005 1006 1151
1006 1007 434
1007 1008 1123
1008 1009 272
1009 1010 412
1010 1011 991
1011 1012 339
1012 1013 42
1013 1014 459
1014 1015 1048
1015 1016 1153
1016 1017 59
1017 1018 480
1018 1019 103
1019 1020 284
1020 1021 991
1021 1022 403
1022 1023 1169
1023 1024 823
1024 1025 96
1025 1026 136
1026 1027 9
1027 1028 362
1028 1029 1143
1029 1030 595
1030 1031 900
1031 1032 389
1032 1033 979
1033 1034 443
1034 1035 158
1035 1036 1142
1036 1037 648
1037 1038 270
1038 1039 746
1039 1040 781
1040 1041 714
1041 1042 565
1042 1043 511
1043 1044 862
1044 1045 186
1045 1046 874
1046 1047 1105
1047 1048 1063
1048 1049 304
1049 1050 503
1050 1051 270
1051 1052 355
1052 1053 1130
1053 1054 353
1054 1055 875
1055 1056 1150
1056 1057 131
1057 1058 1045
1058 1059 45
1059 1060 1050
1060 1061 919
1061 1062 66
1062 1063 1164
1063 1064 353
1064 1065 1174
1065 1066 471
1066 1067 932
1067 1068 748
1068 1069 312
1069 1070 1070
1070 1071 1199
1071 1072 899
1072 1073 1104
1073 1074 953
1074 1075 480
1075 1076 454
1076 1077 1044
1077 1078 123
1078 1079 1089
1079 1080 364
1080 1081 635
1081 1082 251
1082 1083 223
1083 1084 41
1084 1085 312
1085 1086 1093
1086 1087 852
1087 1088 981
1088 1089 1078
1089 1090 17
1090 1091 1077
1091 1092 1179
1092 1093 421
1093 1094 216
1094 1095 749
1095 1096 399
1096 1097 980
1097 1098 436
1098 1099 58
1099 1100 484
1100 1101 463
1101 1102 903
1102 1103 663
1103 1104 221
1104 1105 571
1105 1106 1023
1106 1107 874
1107 1108 642
1108 1109 687
1109 1110 89
1110 1111 318
1111 1112 518
1112 1113 693
1113 1114 499
1114 1115 468
1115 1116 950
1116 1117 66
1117 1118 790
1118 1119 933
1119 1120 420
1120 1121 482
1121 1122 804
1122 1123 331
1123 1124 1029
1124 1125 632
1125 1126 190
1126 1127 353
1127 1128 631
1128 1129 1173
1129 1130 665
1130 1131 408
1131 1132 296
1132 1133 229
1133 1134 882
1134 1135 491
1135 1136 211
1136 1137 978
1137 1138 1072
1138 1139 37
1139 1140 460
1140 1141 244
1141 1142 41
1142 1143 34
1143 1144 638
1144 1145 1094
1145 1146 1031
1146 1147 1075
1147 1148 994
1148 1149 1183
1149 1150 1004
1150 1151 662
1151 1152 1091
1152 1153 463
1153 1154 708
1154 1155 598
1155 1156 1152
1156 1157 424
1157 1158 491
1158 1159 1118
1159 1160 641
1160 1161 1104
1161 1162 767
1162 1163 84
1163 1164 862
1164 1165 1060
1165 1166 246
1166 1167 1187
1167 1168 252
1168 1169 366
1169 1170 402
1170 1171 41
1171 1172 410
1172 1173 298
1173 1174 884
1174 1175 451
1175 1176 59
1176 1177 22
1177 1178 176
1178 1179 582
1179 1180 388
1180 1181 872
1181 1182 688
1182 1183 400
1183 1184 505
1184 1185 980
1185 1186 939
1186 1187 1101
1187 1188 531
1188 1189 62
1189 1190 119
1190 1191 206
1191 1192 341
1192 1193 829
1193 1194 460
1194 1195 823
1195 1196 1199
1196 1197 161
1197 1198 699
1198 1199 936
1199 1200 882
614 368 494
996 1162 547
938 471 139
1076 1156 918
771 1161 953
558 1034 1056
265 727 2
634 760 794
548 874 793
593 934 138
303 91 612
494 669 228
298 990 849
279 848 350
931 670 876
398 250 237
599 924 244
531 155 62
834 986 1168
17 594 1105
1066 954 309
623 685 793
1067 449 70
730 812 615
490 628 944
404 1000 875
1195 507 359
789 259 210
1089 648 41
218 965 1176
27 1090 104
67 13 841
570 277 196
1041 1187 852
709 988 884
685 591 51
686 1156 582
528 303 278
862 25 1166
272 833 886
29 647 490
478 84 926
865 61 246
378 1022 656
120 928 774
1134 852 1076
136 735 602
337 911 1175
390 1157 1072
880 136 946
482 626 719
373 1113 1038
198 306 1163
517 293 340
447 147 1104
231 116 840
658 430 246
994 400 446
1072 676 263
872 574 81
438 498 1143
808 4 478
125 935 202
678 383 970
336 1079 1140
738 722 227
1063 478 1176
724 782 101
761 63 403
448 1096 685
17 738 1108
793 885 545
259 822 1059
643 869 1078
119 1058 242
491 65 424
915 873 1130
841 1116 816
536 558 160
700 253 294
241 1030 449
427 999 625
724 275 134
86 639 171
862 230 285
1109 479 924
685 601 225
993 306 1013
165 968 1008
1077 585 705
390 235 92
621 86 135
1190 143 1199
486 819 22
424 998 977
254 870 109
927 494 869
366 703 39
600 20 1119
1090 585 740
156 609 1033
1078 415 588
40 475 1021
28 155 789
241 1199 443
1002 722 105
746 1057 510
1033 909 562
533 287 405
1185 543 843
460 562 421
743 1179 1188
113 1064 992
1134 16 657
961 1013 812
1159 652 739
170 925 708
807 785 152
301 90 959
1041 591 214
412 456 661
1093 73 203
276 344 174
266 52 876
1128 533 1162
669 104 330
307 293 52
1153 793 971
319 273 608
894 1106 841
1183 1063 1010
1007 39 761
671 372 255
1147 715 124
829 490 767
1087 957 233
270 540 267
122 84 961
753 706 692
60 187 488
1029 43 718
445 357 189
252 755 467
1033 161 520
431 739 868
576 699 315
720 1054 8
869 217 123
642 208 1064
1060 948 594
1030 718 244
176 115 1027
317 135 221
971 393 565
1154 867 294
664 976 1001
212 701 352
276 380 144
1077 190 362
585 1073 635
744 762 364
104 947 1089
1108 158 231
323 465 475
746 638 782
118 212 693
791 233 724
461 192 262
930 899 570
491 1 980
117 1118 715
395 242 1137
267 1029 254
309 774 1182
703 170 817
683 168 586
802 431 358
1081 1168 1111
666 88 1172
1077 46 365
238 72 848
915 993 912
257 206 54
1171 181 1141
930 476 321
590 178 199
986 5 890
431 945 1189
210 719 520
259 1128 210
519 1080 1117
300 997 54
658 431 594
806 1050 455
272 961 295
55 1134 147
629 872 829
959 642 622
1088 767 34
285 1071 130
1061 61 1009
582 563 107
878 1180 698
687 539 70
783 741 1196
67 634 310
557 1118 935
853 136 259
193 1044 94
866 152 141
294 938 375
112 98 1152
295 218 693
892 1038 1131
613 97 111
1189 829 1010
1186 545 841
982 970 121
993 293 563
1014 528 408
1194 306 314
1011 914 694
464 1004 196
962 1182 547
1109 1049 169
224 912 755
635 1128 234
640 663 728
1177 1018 1141
542 701 801
558 1077 755
135 831 1032
895 1138 24
1122 528 430
211 612 955
480 254 894
921 386 129
843 1001 956
671 871 253
975 232 441
534 41 787
35 1049 340
1165 797 713
63 1053 732
1187 465 158
1048 757 971
650 783 102
94 100 533
1044 1132 76
1004 1051 627
866 939 602
423 644 442
980 496 719
60 164 629
329 1089 55
213 980 570
666 480 1178
237 1003 316
492 524 473
648 324 354
348 396 1198
908 109 612
793 466 382
802 811 829
856 106 566
24 370 916
1053 606 885
678 946 241
833 86 501
168 1195 1034
685 349 282
33 657 1111
73 583 1102
306 1036 1061
72 728 1138
1143 169 634
395 372 404
142 12 680
1034 113 594
530 962 435
658 327 1107
391 44 189
227 320 85
424 1094 436
25 495 1183
467 228 406
346 287 990
140 238 51
759 1179 157
277 4 443
300 212 426
743 1196 617
215 5 607
768 442 336
698 126 714
423 713 619
457 397 1140
686 895 647
643 323 912
680 656 1159
447 71 991
273 728 1014
1054 697 473
450 442 1042
846 726 614
25 1130 296
203 595 794
867 588 1041
1079 442 126
534 61 201
107 222 93
94 318 518
4 344 1094
1039 212 526
29 779 1149
450 93 45
1054 824 354
37 348 947
826 462 305
638 772 487
805 500 457
928 68 152
819 792 167
917 647 294
787 222 113
867 700 45
1097 2 929
942 1105 569
968 242 697
462 1121 845
318 26 820
784 175 185
859 1150 215
895 504 233
651 338 415
1163 1052 20
290 718 84
718 185 853
1186 70 1049
137 1198 425
368 828 549
793 783 472
70 894 478
1014 1105 485
543 696 412
94 93 799
790 500 491
94 275 350
574 915 974
70 419 466
34 839 712
53 464 509
1149 289 246
231 721 507
72 369 422
858 558 48
182 239 123
923 907 707
589 357 346
351 924 1119
350 898 1037
991 207 911
613 252 681
244 744 542
445 179 150
105 515 586
827 225 405
756 1118 228
555 503 1087
268 899 580
1011 490 1159
290 776 811
332 690 897
1150 313 923
529 473 637
277 754 777
1070 686 253
551 398 552
201 436 1094
672 1117 717
128 312 926
1038 897 940
744 1057 827
902 359 589
22 987 909
977 629 380
547 550 81
46 1129 863
826 1120 1078
291 448 586
431 207 285
354 1170 310
356 822 346
265 417 261
897 336 391
877 450 606
686 589 676
1143 578 531
887 156 883
54 601 155
289 89 16
9 111 941
199 598 108
55 305 1038
885 500 793
813 213 683
983 952 530
337 234 1001
664 884 1058
568 511 369
508 242 133
437 885 100
301 1070 984
456 493 441
88 613 611
1020 436 464
1015 698 678
374 535 1154
333 79 1087
424 335 76
949 713 585
624 193 505
23 456 914
462 474 885
160 1123 854
197 1023 551
937 718 407
131 598 1106
436 758 600
690 699 986
1047 1085 593
725 597 1056
828 939 543
29 996 743
38 707 768
253 194 906
146 10 725
654 666 240
1006 210 1093
899 176 1037
261 448 19
1013 328 113
296 310 242
930 691 635
715 287 1124
266 145 337
437 617 1094
749 972 45
1177 86 1001
190 686 726
318 469 407
129 9 142
225 1137 1181
716 471 985
1147 1129 337
204 1101 324
1164 212 441
250 705 684
166 542 271
46 907 689
456 1108 1067
1057 1079 1000
674 956 1192
590 1033 859
196 518 691
367 508 1035
646 663 203
1039 1027 1096
906 1115 751
986 480 977
622 880 1102
212 877 765
157 171 39
312 545 962
580 201 644
256 62 248
1139 609 891
652 980 219
1019 8 685
547 1178 76
613 710 172
1042 740 337
221 1102 835
129 959 237
869 98 905
1198 603 306
39 633 866
516 82 1180
623 528 572
113 783 141
816 889 920
789 714 260
451 1072 484
764 639 613
784 160 702
1174 1134 260
114 50 596
922 542 17
977 1053 566
691 139 111
567 656 588
824 223 840
1041 649 405
234 169 242
472 269 775
1176 338 234
841 946 19
1015 175 53
846 557 325
966 1182 945
1040 535 897
1076 1028 6
818 692 442
265 592 872
259 901 1018
816 744 225
264 306 1158
302 467 876
846 833 990
47 946 4
1152 702 1127
353 785 450
350 806 347
1025 171 1137
1195 194 524
732 57 297
810 977 893
150 891 596
652 551 1116
436 562 161
384 330 135
51 483 7
736 385 1191
18 383 1067
316 389 1026
1101 811 451
782 1022 394
638 1155 994
495 1081 839
1167 621 746
84 1066 697
833 791 1033
989 1040 984
617 530 754
1079 614 1001
1052 746 662
951 719 164
613 508 755
276 618 412
229 1065 367
331 1143 1099
322 1156 1188
857 359 865
562 111 947
1065 1181 1166
1146 341 898
842 65 395
584 671 316
1000 7 907
102 697 434
411 1068 416
645 176 355
648 920 1080
388 1122 393
397 598 310
252 72 659
922 460 798
199 700 521
120 837 185
112 716 1154
285 342 600
767 609 845
169 882 80
708 408 460
506 1050 76
426 925 8
974 485 929
546 746 82
914 950 169
138 1108 394
704 1106 498
217 356 1042
1143 934 898
679 337 356
433 755 931
652 705 1080
488 871 555
872 977 302
1015 87 632
680 776 261
114 539 1058
590 239 182
1047 443 619
470 432 62
819 1182 591
833 273 364
902 503 529
721 899 248
145 807 1023
286 995 778
844 684 1148
41 486 865
523 1138 1054
768 531 856
266 59 913
856 919 2
142 877 307
302 1085 624
270 1113 1051
275 1112 451
1195 689 721
901 984 799
292 849 785
245 188 63
743 259 60
471 817 973
33 442 884
488 416 777
516 299 40
84 806 798
346 970 876
917 988 621
31 643 136
1189 1174 1081
74 1178 787
1181 586 523
345 580 486
113 936 536
883 987 497
248 886 353
521 861 383
636 489 720
436 393 666
79 599 297
1186 612 177
347 122 403
46 703 965
339 173 1058
1170 321 455
159 281 99
591 1161 511
791 668 434
475 137 500
975 591 1177
57 1073 304
286 568 1116
742 696 1167
456 987 38
1198 627 365
1085 466 909
1140 161 415
754 13 553
938 307 526
630 450 380
679 1114 39
117 22 946
1191 770 240
308 966 963
273 882 371
347 654 1109
508 1116 830
1066 90 264
971 742 660
631 773 115
166 789 171
568 600 656
250 245 937
678 207 628
713 324 1172
527 274 662
973 335 1103
387 218 264
153 927 196
295 414 7
970 1060 506
896 834 224
53 1080 520
126 594 386
1065 172 1045
307 472 88
499 920 197
915 753 893
353 1058 1191
959 158 87
609 1066 487
819 260 714
36 1029 502
868 70 457
731 379 875
595 844 75
116 625 512
585 923 572
457 896 975
238 984 259
495 523 184
231 704 1033
300 1191 1081
608 1106 303
59 219 958
1161 121 229
856 514 933
292 383 68
520 159 675
387 695 184
964 865 515
346 391 826
1055 1164 268
992 1032 1020
480 1119 529
748 1121 680
891 167 1188
1008 127 426
1159 719 821
435 115 257
147 357 135
960 752 609
278 695 590
724 777 95
490 990 573
219 302 103
844 124 140
209 1028 638
986 1017 628
769 824 500
914 816 45
636 870 779
476 1059 753
246 738 1116
188 617 89
1182 475 1134
315 257 457
63 17 525
129 1043 785
73 1050 597
27 183 603
775 617 666
152 760 756
617 45 1155
243 825 800
822 122 134
213 718 194
273 61 1176
674 1186 102
422 9 996
226 321 1092
788 130 673
977 594 9
254 923 877
737 817 604
690 713 290
453 1180 100
322 103 3
369 655 730
134 439 275
426 864 535
172 349 854
1103 1108 319
333 1038 296
1179 662 345
859 162 308
576 273 246
1192 173 629
196 812 1136
235 30 117
732 957 559
949 621 497
524 1121 527
806 584 1046
574 92 189
538 265 105
477 1154 543
204 624 453
26 812 243
324 1150 936
390 547 129
1055 205 542
109 182 780
302 484 693
932 513 900
161 248 806
890 770 1160
228 540 829
1180 72 179
1040 457 549
644 746 526
11 1099 417
1180 816 65
626 673 1080
393 83 606
536 934 306
1187 733 39
1165 1065 119
1199 233 709
696 239 1179
1038 1046 460
169 745 963
769 250 119
867 959 944
261 404 791
586 27 4
204 901 569
423 148 597
966 31 66
952 801 18
373 787 1069
397 380 1025
928 1061 159
625 468 113
734 453 370
762 371 1012
435 891 512
864 1151 161
345 368 155
787 1018 566
1142 889 674
415 1180 838
988 70 1087
630 10 1041
121 320 1082
426 1021 212
55 694 385
1157 200 337
829 1151 1058
6 766 1135
50 1095 993
71 120 218
513 854 518
177 1161 1106
153 592 563
1176 55 873
334 217 1051
793 346 653
347 122 862
344 1060 767
485 40 319
707 469 1155
850 233 600
820 1136 1099
392 317 983
1029 117 660
558 984 800
1135 1158 871
871 743 981
677 407 696
886 4 1053
118 236 86
828 1079 761
101 550 1165
1185 27 358
337 42 939
793 297 1034
893 969 274
1135 1110 97
1181 1162 540
784 724 900
1131 1050 243
206 851 688
840 1170 824
388 868 84
1000 359 7
138 264 521
366 159 486
623 1030 99
556 671 376
196 484 389
419 547 991
1075 70 320
1141 998 146
454 1159 859
994 992 142
837 101 33
675 537 639
358 581 686
613 485 454
327 286 27
470 137 882
570 550 149
677 1000 36
1173 538 1152
1131 18 434
571 977 330
931 245 1143
867 1 329
916 635 200
957 441 582
423 342 1132
149 340 900
375 500 1164
46 327 202
424 84 190
335 425 896
1145 171 684
1117 793 1153
524 574 141
255 869 471
44 431 157
1165 715 581
258 359 925
9 112 668
117 329 791
1099 981 671
590 213 801
65 676 885
482 1112 907
268 245 1027
836 567 793
988 839 266
812 1148 247
459 1053 972
856 311 858
1066 1051 671
1145 326 1149
1074 575 1044
1029 737 764
816 259 1135
101 862 256
215 775 583
539 83 825
500 376 138
976 501 225
264 138 296
525 630 52
988 795 545
106 476 472
490 685 420
779 796 359
8 846 975
638 757 421
432 167 823
157 554 1072
955 990 26
829 729 840
327 1195 91
848 455 718
192 131 619
748 57 191
1082 944 40
901 1094 728
269 394 634
32 1193 1136
1026 1043 1081
616 162 1118
307 1121 46
566 122 183
382 607 492
670 216 596
1143 964 372
792 536 18
212 1082 268
321 153 523
628 231 430
1024 900 954
551 595 242
864 1184 321
144 389 878
213 403 259
602 954 650
258 976 891
638 824 196
701 406 759
723 288 1042
826 131 210
420 936 1044
531 475 303
900 272 776
609 431 1195
1022 937 891
215 53 355
182 1134 1189
1055 1161 1146
323 543 260
487 1144 948
584 990 469
188 799 281
1079 308 614
860 1048 1047
72 983 345
1142 849 437
353 350 689
423 1026 852
190 440 847
962 976 825
878 186 504
381 378 1151
49 971 495
1016 730 927
438 1116 1073
352 263 422
68 329 1066
1129 260 83
589 987 1020
735 941 667
432 286 223
803 362 1097
941 951 833
1072 1162 1171
1113 766 446
920 611 929
770 622 1197
604 115 400
410 70 353
1035 472 745
1030 383 862
1195 752 267
84 1111 359
172 1096 1107
15 253 1085
1105 613 422
341 576 691
725 612 568
582 984 588
1193 451 480
268 75 885
229 1136 461
105 1112 993
224 1151 1017
860 602 760
509 524 68
100 826 1057
1140 449 456
607 50 92
760 383 37
219 271 480
525 720 10
1101 632 1125
607 726 702
283 370 489
764 764 125
334 171 452
797 925 712
867 266 441
979 956 429
461 33 228
160 540 267
637 849 849
404 1049 366
621 534 1176
241 115 148
562 1155 877
1054 59 522
384 1089 867
516 857 181
30 538 430
389 244 1005
901 585 921
787 337 253
382 329 367
272 394 559
579 184 1188
24 398 297
994 502 854
120 504 273
21 733 154
25 234 58
66 333 281
1167 167 491
868 1127 29
1079 945 904
1049 834 4
110 841 628
11 528 883
1193 388 664
1161 166 1000
52 919 82
1158 504 359
838 1179 665
657 573 22
122 557 68
860 899 144
434 442 20
152 863 12
12 194 606
881 52 561
1098 872 243
894 285 1136
900 156 1156
1123 651 689
1139 411 818
532 549 11
1095 20 249
589 572 252
96 424 38
1049 201 408
534 885 378
412 242 105
896 363 538
551 652 333
365 939 1046
828 995 127
978 146 929
605 750 858
512 1002 1200
727 293 754
195 143 968
749 377 1056
342 1149 104
16 848 274
165 1150 138
969 1132 771
853 369 453
1178 357 982
695 787 730
731 679 1060
352 290 759
1038 1055 373
608 457 172
147 104 312
974 20 908
205 1000 789
62 246 436
292 933 77
1067 404 368
899 655 568
13 915 130
993 1178 1055
612 832 490
526 248 500
90 875 637
612 388 1158
1103 292 883
429 628 162
952 97 847
783 1198 755
1032 103 1146
77 625 682
595 424 33
743 1003 970
882 790 38
1199 36 780
454 653 600
750 133 146
493 272 250
990 405 978
505 520 1151
528 1029 923
868 386 975
1184 652 885
637 116 790
881 1075 560
1050 947 461
427 634 1022
761 219 1147
950 864 862
246 659 1195
971 1146 303
1046 21 55
753 161 1187
219 1136 1017
913 136 993
218 866 971
736 126 747
844 313 683
415 306 527
401 774 107
680 394 1191
991 215 824
1057 301 850
1122 86 763
302 69 975
352 1049 436
1038 1163 638
272 593 201
1143 720 282
970 592 346
784 715 686
80 400 683
1186 720 251
193 186 317
1008 1089 1100
425 497 170
131 215 703
1170 338 799
1077 599 852
1088 64 254
1105 142 868
462 856 882
96 419 473
1094 471 139
1121 246 124
1043 366 1119
335 138 1000
299 1193 555
1124 32 467
30 723 757
618 276 493
710 362 1133
528 523 350
877 627 549
79 978 739
775 945 126
139 622 341
41 767 282
948 748 352
907 352 711
557 678 1010
403 1177 941
823 975 1055
369 1107 86
999 449 1131
573 259 617
484 1174 832
5
89 129 426 654 858 
600
1005 184 192 223 811 588 1165 569 1195 580 24 510 458 542 486 78 824 873 429 636 350 518 610 144 868 66 1191 892 370 339 405 577 1013 192 694 610 821 598 1063 1129 501 360 43 441 490 695 1043 421 1087 147 365 687 72 944 1067 1075 1046 989 550 228 955 305 882 1047 958 886 515 751 33 874 544 313 833 484 40 569 190 884 210 388 796 46 713 1040 936 649 280 8 31 355 402 741 844 519 613 1178 224 673 1184 286 887 721 658 303 40 1007 277 725 1053 1038 1036 500 117 691 168 407 422 1176 321 393 566 348 259 85 1132 430 583 306 963 90 324 871 143 883 997 181 770 1073 716 452 737 956 775 478 1155 730 83 252 570 438 702 77 405 674 162 798 196 926 686 663 430 1161 519 274 880 310 63 625 775 483 276 16 544 1047 1133 169 285 762 673 87 1067 90 952 1005 434 395 677 599 605 734 469 1185 218 565 817 215 867 597 74 1149 111 797 342 592 67 390 421 556 349 652 282 1072 626 829 1174 255 710 431 39 792 540 854 49 568 255 1078 891 1198 1057 1174 590 463 1137 630 889 940 786 242 568 721 761 648 182 383 407 1190 385 204 361 1063 333 1193 444 864 124 212 741 693 844 671 320 50 913 177 1046 87 757 1004 165 899 109 879 939 724 606 812 594 318 944 28 915 91 17 402 340 945 1037 813 675 634 941 402 984 736 829 634 438 935 978 72 323 864 460 541 569 683 649 1167 491 828 59 872 107 306 202 235 571 1156 108 700 531 476 404 1040 995 889 1065 274 649 159 1081 88 565 914 14 453 171 979 767 705 1017 1050 778 38 938 260 33 556 506 127 1138 167 315 356 91 447 183 436 894 337 247 839 657 404 515 400 42 926 75 325 745 1064 550 477 998 1135 1048 827 844 845 393 1162 470 376 1140 697 282 72 269 1114 67 431 7 710 291 260 485 947 360 1104 607 392 894 1197 184 1151 758 236 13 668 70 566 704 974 192 117 150 916 119 244 989 98 112 292 1075 564 726 1008 371 722 528 259 337 276 22 777 600 920 1042 1012 913 210 836 464 1031 115 937 984 1033 989 940 906 271 341 269 792 529 186 738 1121 1125 998 955 1104 695 563 1066 755 301 1103 915 430 1195 627 64 529 549 480 952 1000 4 443 81 417 891 699 259 531 154 752 463 445 50 886 1056 573 890 459 753 130 241 861 847 1028 245 423 737 274 1155 334 357 252 192 935 1132 723 680 1003 377 1181 70 589 1030 286 403 11 728 1075 961 100 1043 656 394 1066 129 573 485 327 1199 124 1002 388 489 798 853 1176 551 1079 656 494 1031 207 1132 890 766 922 128 365 441 714 390 1111 89 564 321 989 1022 465 4 155 323 117 1055 587 26 1125 219 903 121 260 489 683 342 175 501 367 1023 955 353 851 317 27 687 603 538 102 1102 1150 368 103 