2000 4000 50
42 68 35 1 70 25 79 59 63 65 6 46 82 28 62 92 96 43 28 37 92 5 3 54 93 83 22 17 19 96 48 27 72 39 70 13 68 100 36 95 4 12 23 34 74 65 42 12 54 69 48 45 63 58 38 60 24 42 30 79 17 36 91 43 89 7 41 43 65 49 47 6 91 30 71 51 7 2 94 49 30 24 85 55 57 41 67 77 32 9 45 40 27 24 38 39 19 83 30 42 34 16 40 59 5 31 78 7 74 87 22 46 25 73 71 30 78 74 98 13 87 91 62 37 56 68 56 75 32 53 51 51 42 25 67 31 8 92 8 38 58 88 54 84 46 10 10 59 22 89 23 47 7 31 14 69 1 92 63 56 11 60 25 38 49 84 96 42 3 51 92 37 75 21 97 22 49 100 69 85 82 35 54 100 19 39 1 89 28 68 29 94 49 84 8 22 11 18 14 15 10 17 36 52 1 50 20 57 99 4 25 9 45 10 90 3 96 86 94 44 24 88 15 4 49 1 59 19 81 97 99 82 90 99 10 58 73 23 39 93 39 80 91 58 59 92 16 89 57 12 3 35 73 56 29 47 63 87 76 34 70 43 45 17 82 99 23 52 22 100 58 77 93 90 76 13 1 11 4 70 62 89 2 90 56 24 3 86 83 86 89 27 18 58 33 33 70 55 22 90 77 30 69 93 26 56 35 50 42 13 46 61 19 54 40 24 80 97 88 30 50 38 67 50 94 96 98 17 87 6 89 83 56 35 15 2 17 72 87 64 14 56 86 54 13 9 33 46 14 57 22 59 47 83 82 45 97 23 30 62 36 51 74 67 45 60 93 40 54 25 55 11 46 50 87 14 75 23 69 19 88 6 59 92 3 26 78 15 15 25 35 75 73 60 34 71 88 98 19 78 74 71 64 69 93 86 3 81 14 28 3 100 28 26 44 25 24 73 62 82 4 33 6 94 26 32 93 43 23 87 65 1 88 61 14 75 71 71 36 34 12 61 97 68 86 51 41 95 96 25 20 26 77 95 59 3 72 67 79 94 52 85 19 65 20 53 1 88 61 27 11 58 71 16 77 28 44 59 65 10 83 87 66 88 78 75 26 28 30 29 24 21 3 63 24 97 38 62 96 26 65 61 3 17 31 27 12 72 12 48 54 21 91 25 89 64 41 52 63 30 1 14 59 79 66 8 78 1 59 40 4 61 58 25 78 9 14 88 2 51 61 29 94 85 6 41 12 5 36 57 73 51 24 86 57 17 27 58 27 58 38 72 70 62 97 23 18 13 18 97 86 42 24 30 30 66 60 33 97 56 54 63 85 35 55 73 58 70 33 64 8 84 12 36 68 49 76 39 24 43 55 12 42 76 60 26 22 71 27 35 6 84 51 99 80 2 94 35 38 35 57 94 77 6 63 49 82 1 14 42 56 56 43 63 12 78 25 79 53 44 97 74 41 14 76 73 19 11 18 33 13 96 70 32 41 89 86 91 98 90 91 46 54 15 52 41 45 59 36 60 93 6 65 82 4 30 76 9 93 98 50 57 62 28 68 42 30 41 14 75 2 78 16 84 14 93 25 2 93 60 71 29 28 85 76 87 99 71 88 48 5 4 22 64 7 64 11 72 90 41 65 43 20 14 92 5 19 33 51 6 76 40 4 23 99 48 85 49 72 65 14 76 46 13 47 79 70 63 20 86 90 45 66 41 46 9 19 71 2 24 33 73 53 88 71 64 2 4 24 28 1 70 16 66 29 44 48 89 44 38 10 64 50 82 89 43 9 61 22 59 55 89 47 91 50 44 31 21 49 68 37 84 36 27 86 39 54 30 25 49 24 60 58 67 45 56 19 27 12 26 56 2 50 97 85 16 65 43 76 14 43 97 49 73 27 7 74 30 5 6 27 13 76 94 66 37 37 42 15 95 57 53 37 39 83 56 16 32 31 42 26 12 38 87 91 51 63 35 94 54 17 53 9 63 34 55 4 35 4 57 49 25 18 14 10 29 1 81 19 59 51 56 62 65 4 77 44 10 3 62 90 49 83 54 75 21 3 24 32 70 79 60 9 20 72 4 46 82 5 93 86 14 99 90 23 39 38 11 62 35 9 62 60 94 16 70 38 70 59 1 72 65 18 16 56 16 31 40 13 89 83 55 86 11 85 75 81 16 52 42 16 80 11 99 74 89 78 33 57 90 14 9 42 91 24 64 29 85 79 1 72 86 75 72 34 68 54 96 69 26 77 30 51 99 10 94 87 81 17 50 68 29 80 65 22 6 27 17 17 27 67 88 82 65 41 87 22 63 22 65 10 16 3 74 25 42 46 63 24 32 7 69 19 3 8 8 82 13 37 31 15 10 85 57 91 94 97 53 55 46 9 49 92 13 32 15 40 59 23 5 96 53 70 80 39 24 19 67 60 99 87 97 63 34 59 23 47 93 38 26 48 59 3 8 99 31 93 1 79 100 53 49 83 41 16 76 63 68 37 98 19 98 29 52 17 31 50 26 59 30 21 41 61 48 63 56 76 93 62 55 99 47 15 47 89 70 39 64 76 16 22 76 16 29 35 71 6 65 58 63 62 25 50 70 31 24 51 34 26 11 38 37 38 79 94 37 15 65 92 50 36 6 38 5 38 24 65 71 9 69 82 86 53 74 53 95 77 27 97 73 50 41 75 20 44 12 42 90 20 66 6 86 17 51 16 10 65 67 94 75 10 1 96 74 90 62 73 69 59 32 69 27 11 23 75 80 11 53 83 92 96 65 75 65 3 56 61 75 73 22 23 48 78 90 6 96 95 51 44 55 82 13 73 40 29 13 63 68 9 16 9 24 60 35 5 87 20 59 46 7 67 1 68 93 88 33 57 75 48 22 84 23 32 77 84 49 24 83 19 77 21 12 83 57 91 26 25 87 78 70 44 35 78 69 69 92 97 84 29 28 27 72 98 13 4 28 9 46 9 86 39 38 44 14 2 51 29 12 51 50 93 55 70 82 66 68 14 94 35 73 73 31 2 43 78 78 71 3 65 82 91 24 38 24 80 96 70 28 43 11 83 59 27 88 71 29 52 59 14 61 84 87 43 11 73 29 35 42 19 4 68 66 39 82 58 51 15 99 59 62 64 57 8 79 90 36 66 76 87 87 34 61 31 49 29 93 34 41 67 36 11 100 38 93 83 29 53 70 45 95 9 53 48 33 36 9 65 98 44 50 16 42 90 1 13 49 24 52 75 34 92 1 55 91 98 20 81 79 32 45 41 88 100 26 84 39 93 94 53 12 61 35 41 98 86 30 41 6 92 93 11 50 79 80 72 78 74 94 21 98 27 77 91 83 79 60 19 90 60 50 25 73 81 9 68 9 78 4 71 8 97 75 23 12 20 62 57 91 64 84 17 33 53 42 55 14 63 97 61 16 5 100 37 81 99 33 88 85 41 18 7 71 42 83 50 24 59 6 22 96 97 17 79 79 80 59 78 51 8 30 82 96 79 77 54 100 85 66 94 9 73 44 30 15 69 56 92 74 23 49 52 87 45 47 78 18 30 17 75 92 70 13 47 94 92 16 50 58 41 53 37 52 88 27 63 56 84 95 81 98 66 66 14 62 79 79 79 41 12 48 46 71 76 90 51 50 34 66 15 83 8 33 97 68 23 83 11 42 32 88 6 80 22 39 52 48 9 47 77 60 90 23 67 87 56 29 15 61 54 78 49 4 62 32 83 56 98 7 53 22 97 82 22 56 48 25 19 36 77 75 60 99 75 54 23 36 44 89 54 33 48 81 27 79 51 2 62 100 56 64 17 74 62 46 74 75 51 54 82 88 100 11 44 66 73 30 82 13 77 82 48 91 72 6 73 33 90 21 66 32 59 94 7 79 49 7 72 67 97 98 21 95 30 89 10 85 70 79 18 16 27 85 69 7 29 98 19 91 100 86 87 100 21 11 72 14 16 86 19 81 32 68 88 45 87 8 61 28 75 32 53 72 69 94 86 38 12 5 78 7 69 23 14 1 43 38 39 89 56 90 48 82 94 85 88 62 94 18 2 83 48 66 54 5 85 96 26 22 65 82 73 7 57 44 94 81 81 69 12 14 69 52 17 80 69 41 32 34 80 64 60 54 37 96 66 75 21 36 81 77 56 26 72 9 60 57 3 33 6 41 76 63 86 63 81 37 98 3 9 81 41 77 59 94 41 47 75 74 98 81 36 73 1 8 56 67 42 89 82 69 16 97 26 10 13 37 56 63 44 43 22 23 13 49 19 69 18 15 51 91 36 60 70 96 4 41 80 100 6 92 62 82 53 54 34 30 88 43 54 84 21 15 19 45 64 30 53 65 70 71 6 48 95 88 27 77 24 41 80 91 89 11 72 46 22 71 84 90 56 79 80 7 63 36 88 97 34 89 36 80 94 91 63 66 2 6 8 68 70 35 72 58 99 46 98 19 39 45 73 64 29 65 2 24 91 5 2 28 98 93 72 64 2 64 22 66 22 46 11 96 42 23 13 52 16 56 94 39 80 83 
1 2 1609
2 3 655
3 4 1823
4 5 708
5 6 246
6 7 1339
7 8 145
8 9 291
9 10 1340
10 11 1155
11 12 605
12 13 624
13 14 226
14 15 79
15 16 1725
16 17 1982
17 18 331
18 19 1734
19 20 224
20 21 595
21 22 1131
22 23 847
23 24 988
24 25 1446
25 26 806
26 27 617
27 28 1751
28 29 490
29 30 1339
30 31 1964
31 32 136
32 33 698
33 34 210
34 35 1631
35 36 1225
36 37 1909
37 38 738
38 39 475
39 40 1921
40 41 1373
41 42 294
42 43 1856
43 44 735
44 45 1562
45 46 1057
46 47 1607
47 48 185
48 49 1076
49 50 383
50 51 120
51 52 742
52 53 433
53 54 685
54 55 780
55 56 280
56 57 284
57 58 668
58 59 837
59 60 126
60 61 119
61 62 738
62 63 29
63 64 120
64 65 578
65 66 738
66 67 92
67 68 557
68 69 796
69 70 61
70 71 1902
71 72 794
72 73 1433
73 74 137
74 75 581
75 76 876
76 77 1908
77 78 1185
78 79 75
79 80 720
80 81 791
81 82 477
82 83 42
83 84 1352
84 85 330
85 86 291
86 87 975
87 88 1073
88 89 1592
89 90 190
90 91 1788
91 92 1491
92 93 1240
93 94 894
94 95 1054
95 96 1064
96 97 682
97 98 1904
98 99 1006
99 100 177
100 101 480
101 102 1696
102 103 140
103 104 469
104 105 1999
105 106 1084
106 107 1640
107 108 1516
108 109 1622
109 110 1994
110 111 1827
111 112 1723
112 113 1839
113 114 829
114 115 582
115 116 400
116 117 979
117 118 1892
118 119 1024
119 120 944
120 121 835
121 122 244
122 123 1350
123 124 703
124 125 708
125 126 503
126 127 1142
127 128 688
128 129 347
129 130 1892
130 131 638
131 132 414
132 133 1401
133 134 817
134 135 1691
135 136 1163
136 137 936
137 138 1127
138 139 1411
139 140 1878
140 141 1383
141 142 261
142 143 1190
143 144 706
144 145 1875
145 146 664
146 147 723
147 148 196
148 149 567
149 150 361
150 151 39
151 152 589
152 153 1812
153 154 246
154 155 1468
155 156 426
156 157 868
157 158 1190
158 159 543
159 160 1064
160 161 1548
161 162 503
162 163 1618
163 164 1100
164 165 1024
165 166 1227
166 167 1204
167 168 49
168 169 1052
169 170 1571
170 171 637
171 172 1459
172 173 1968
173 174 457
174 175 1406
175 176 1532
176 177 1963
177 178 820
178 179 1976
179 180 557
180 181 1532
181 182 1496
182 183 45
183 184 592
184 185 804
185 186 1389
186 187 916
187 188 1451
188 189 320
189 190 273
190 191 1792
191 192 1384
192 193 134
193 194 1776
194 195 643
195 196 1570
196 197 301
197 198 1955
198 199 79
199 200 1586
200 201 258
201 202 1334
202 203 894
203 204 491
204 205 104
205 206 751
206 207 1234
207 208 723
208 209 272
209 210 1612
210 211 991
211 212 339
212 213 1642
213 214 1259
214 215 1048
215 216 353
216 217 1659
217 218 480
218 219 1303
219 220 684
220 221 991
221 222 3
222 223 1569
223 224 423
224 225 896
225 226 136
226 227 9
227 228 362
228 229 743
229 230 195
230 231 1700
231 232 1189
232 233 179
233 234 43
234 235 1358
235 236 1942
236 237 1848
237 238 1470
238 239 346
239 240 381
240 241 1914
241 242 965
242 243 1711
243 244 62
244 245 1386
245 246 74
246 247 1505
247 248 1463
248 249 704
249 250 103
250 251 1070
251 252 1155
252 253 1530
253 254 1553
254 255 75
255 256 1150
256 257 1731
257 258 245
258 259 845
259 260 1050
260 261 119
261 262 66
262 263 364
263 264 1553
264 265 774
265 266 471
266 267 1732
267 268 748
268 269 1512
269 270 1870
270 271 399
271 272 499
272 273 1104
273 274 1353
274 275 1680
275 276 54
276 277 1044
277 278 523
278 279 1089
279 280 1564
280 281 1835
281 282 1851
282 283 1023
283 284 1241
284 285 1912
285 286 1493
286 287 1652
287 288 581
288 289 1478
289 290 1617
290 291 1877
291 292 1179
292 293 1221
293 294 616
294 295 349
295 296 799
296 297 180
297 298 1636
298 299 858
299 300 884
300 301 1663
301 302 903
302 303 263
303 304 1421
304 305 1771
305 306 1023
306 307 1274
307 308 1842
308 309 687
309 310 889
310 311 1918
311 312 1718
312 313 1893
313 314 1699
314 315 1268
315 316 1750
316 317 66
317 318 390
318 319 933
319 320 1620
320 321 82
321 322 4
322 323 1131
323 324 1029
324 325 632
325 326 590
326 327 1153
327 328 631
328 329 1173
329 330 1865
330 331 408
331 332 296
332 333 1429
333 334 1682
334 335 491
335 336 611
336 337 178
337 338 1072
338 339 1237
339 340 460
340 341 644
341 342 841
342 343 1634
343 344 1038
344 345 1894
345 346 631
346 347 275
347 348 994
348 349 783
349 350 204
350 351 1462
351 352 291
352 353 1663
353 354 308
354 355 998
355 356 1152
356 357 424
357 358 891
358 359 718
359 360 641
360 361 704
361 362 1567
362 363 884
363 364 1662
364 365 660
365 366 246
366 367 387
367 368 652
368 369 766
369 370 1602
370 371 841
371 372 1210
372 373 1498
373 374 1284
374 375 1251
375 376 59
376 377 422
377 378 176
378 379 582
379 380 788
380 381 1272
381 382 288
382 383 2000
383 384 505
384 385 980
385 386 139
386 387 701
387 388 531
388 389 462
389 390 119
390 391 206
391 392 1541
392 393 829
393 394 460
394 395 1623
395 396 399
396 397 1761
397 398 1099
398 399 936
399 400 482
400 401 615
401 402 1568
402 403 494
403 404 597
404 405 1162
405 406 1747
406 407 539
407 408 1671
408 409 539
409 410 1477
410 411 1556
411 412 918
412 413 372
413 414 761
414 415 1753
415 416 1759
416 417 1434
417 418 256
418 419 1066
419 420 727
420 421 402
421 422 1035
422 423 760
423 424 394
424 425 549
425 426 1274
426 427 793
427 428 194
428 429 934
429 430 138
430 431 1104
431 432 1691
432 433 212
433 434 1695
434 435 669
435 436 628
436 437 1499
437 438 990
438 439 1249
439 440 1880
440 441 1648
441 442 1150
442 443 932
443 444 670
444 445 876
445 446 1599
446 447 1450
447 448 1437
448 449 600
449 450 124
450 451 1444
451 452 1732
452 453 155
453 454 862
454 455 435
455 456 1386
456 457 1968
457 458 817
458 459 1394
459 460 705
460 461 1867
461 462 954
462 463 309
463 464 224
464 465 685
465 466 793
466 467 668
467 468 49
468 469 470
469 470 1931
470 471 812
471 472 1815
472 473 91
473 474 1428
474 475 1744
475 476 1605
476 477 600
477 478 475
478 479 1196
479 480 507
480 481 1159
481 482 1590
482 483 1859
483 484 1810
484 485 1890
485 486 1448
486 487 41
487 488 1819
488 489 1365
489 490 1976
490 491 27
491 492 1090
492 493 504
493 494 67
494 495 413
495 496 841
496 497 571
497 498 677
498 499 1396
499 500 642
500 501 1987
501 502 1652
502 503 1110
503 504 188
504 505 84
505 506 1086
506 507 1391
507 508 1251
508 509 687
509 510 756
510 511 1382
511 512 129
512 513 1503
513 514 278
514 515 863
515 516 425
516 517 1566
517 518 1873
518 519 833
519 520 886
520 521 429
521 522 647
522 523 890
523 524 479
524 525 884
525 526 926
526 527 1266
527 528 1261
528 529 1046
529 530 779
530 531 1822
531 532 1856
532 533 521
533 534 928
534 535 774
535 536 1135
536 537 1252
537 538 676
538 539 1337
539 540 335
540 541 1002
541 542 738
542 543 1311
543 544 1975
544 545 1591
545 546 357
546 547 1072
547 548 81
548 549 936
549 550 146
550 551 1283
551 552 1826
552 553 719
553 554 1574
554 555 713
555 556 1038
556 557 999
557 558 1906
558 559 1163
559 560 1718
560 561 693
561 562 1540
562 563 48
563 564 947
564 565 1104
565 566 232
566 567 116
567 568 840
568 569 1859
569 570 830
570 571 646
571 572 1395
572 573 1200
573 574 1646
574 575 273
575 576 676
576 577 1863
577 578 73
578 579 1774
579 580 481
580 581 1239
581 582 898
582 583 1543
583 584 1609
584 585 1204
585 586 1278
586 587 126
587 588 135
588 589 1402
589 590 1079
590 591 383
591 592 170
592 593 737
593 594 1479
594 595 1940
595 596 1139
596 597 722
597 598 1427
598 599 664
599 600 1678
600 601 1576
601 602 725
602 603 1982
603 604 1701
604 605 1962
605 606 863
606 607 3
607 608 449
608 609 1096
609 610 685
610 611 17
611 612 1138
612 613 1508
613 614 1994
614 615 1285
615 616 945
616 617 260
617 618 822
618 619 1059
619 620 644
620 621 1669
621 622 678
622 623 120
623 624 1858
624 625 1042
625 626 892
626 627 1265
627 628 1624
628 629 916
629 630 73
630 631 1930
631 632 842
632 633 716
633 634 1616
634 635 537
635 636 958
636 637 1760
637 638 701
638 639 1453
639 640 1094
640 641 242
641 642 1830
642 643 449
643 644 1228
644 645 1799
645 646 225
646 647 325
647 648 275
648 649 134
649 650 886
650 651 1039
651 652 171
652 653 863
653 654 630
654 655 1085
655 656 1910
656 657 879
657 658 924
658 659 1086
659 660 1401
660 661 1025
661 662 194
662 663 1106
663 664 1413
664 665 1766
665 666 1768
666 667 1408
667 668 678
668 669 1785
669 670 705
670 671 791
671 672 1835
672 673 892
673 674 622
674 675 86
675 676 1735
676 677 1191
677 678 543
678 679 1999
679 680 87
680 681 19
681 682 1622
682 683 425
683 684 598
684 685 1377
685 686 255
686 687 1670
687 688 109
688 689 928
689 690 494
690 691 69
691 692 367
692 693 1103
693 694 439
694 695 601
695 696 820
696 697 319
697 698 291
698 699 985
699 700 340
700 701 557
701 702 1809
702 703 633
703 704 1479
704 705 815
705 706 1788
706 707 1240
707 708 75
708 709 1021
709 710 828
710 711 555
711 712 1989
712 713 1442
713 714 799
714 715 1643
715 716 1003
716 717 322
717 718 105
718 719 1947
719 720 1057
720 721 510
721 722 1834
722 723 1709
723 724 1762
724 725 534
725 726 687
726 727 805
727 728 386
728 729 143
729 730 843
730 731 1261
731 732 162
732 733 1621
733 734 344
734 735 1579
735 736 1188
736 737 114
737 738 1064
738 739 592
739 740 1935
740 741 416
741 742 657
742 743 1762
743 744 1013
744 745 412
745 746 1960
746 747 252
747 748 739
748 749 1371
749 750 125
750 751 1508
751 752 8
752 753 1585
753 754 952
754 755 1102
755 756 490
756 757 959
757 758 1442
758 759 1791
759 760 1014
760 761 413
761 762 856
762 763 1061
763 764 1094
764 765 473
765 766 1403
766 767 677
767 768 1544
768 769 1374
769 770 267
770 771 1652
771 772 1276
772 773 1529
773 774 533
774 775 762
775 776 1470
776 777 504
777 778 730
778 779 1108
779 780 1893
780 781 452
781 782 1954
782 783 393
783 784 571
784 785 1520
785 786 1473
786 787 1408
787 788 495
788 789 1506
789 790 441
790 791 384
791 792 263
792 793 1410
793 794 608
794 795 39
795 796 361
796 797 1472
797 798 1172
798 799 655
799 800 1948
800 801 1515
801 802 524
802 803 1230
803 804 490
804 805 767
805 806 1888
806 807 1757
807 808 633
808 809 1471
809 810 1740
810 811 667
811 812 523
812 813 1284
813 814 161
814 815 1554
815 816 706
816 817 1092
817 818 1260
818 819 1387
819 820 1688
820 821 630
821 822 43
822 823 318
823 824 46
824 825 357
825 826 1389
826 827 1453
827 828 1155
828 829 467
829 830 1834
830 831 1761
831 832 920
832 833 1632
833 834 739
834 835 1268
835 836 1777
836 837 1099
837 838 315
838 839 321
839 840 1054
840 841 8
841 842 470
842 843 217
843 844 1723
844 845 1843
845 846 1008
846 847 1464
847 848 261
848 849 948
849 850 1794
850 851 631
851 852 718
852 853 1044
853 854 1377
854 855 1315
855 856 627
856 857 1118
857 858 1335
858 859 621
859 860 172
860 861 793
861 862 965
862 863 1155
863 864 867
864 865 694
865 866 665
866 867 1776
867 868 1001
868 869 213
869 870 1101
870 871 1552
871 872 1477
872 873 380
873 874 944
874 875 1878
875 876 1790
876 877 362
877 878 1386
878 879 273
879 880 1435
880 881 1145
881 882 1562
882 883 1564
883 884 505
884 885 947
885 886 1889
886 887 309
887 888 158
888 889 1431
889 890 1124
890 891 465
891 892 75
892 893 347
893 894 1838
894 895 1982
895 896 1319
896 897 612
897 898 293
898 899 1592
899 900 1833
900 901 1124
901 902 462
902 903 992
903 904 1462
904 905 1331
905 906 499
906 907 1370
907 908 1292
908 909 401
909 910 180
910 911 118
911 912 318
912 913 1915
913 914 1596
914 915 1442
915 916 1937
916 917 1868
917 918 1029
918 919 1454
919 920 1910
920 921 1974
921 922 1982
922 923 1504
923 924 570
924 925 817
925 926 1884
926 927 1368
927 928 1386
928 929 403
929 930 1231
930 931 1158
931 932 682
932 933 1568
933 934 311
934 935 1867
935 936 1688
936 937 1172
937 938 1478
938 939 1246
939 940 765
940 941 239
941 942 1672
942 943 48
943 944 116
944 945 593
945 946 1312
946 947 658
947 948 1406
948 949 54
949 950 1172
950 951 581
951 952 741
952 953 531
953 954 1676
954 955 321
955 956 1791
956 957 1378
957 958 999
958 959 587
959 960 1605
960 961 490
961 962 1632
962 963 1745
963 964 389
964 965 611
965 966 719
966 967 920
967 968 260
968 969 1928
969 970 610
970 971 120
971 972 1480
972 973 717
973 974 301
974 975 1397
975 976 854
976 977 1459
977 978 831
978 979 594
979 980 807
980 981 1850
981 982 855
982 983 273
983 984 161
984 985 295
985 986 55
986 987 334
987 988 147
988 989 230
989 990 472
990 991 429
991 992 560
992 993 242
993 994 1422
994 995 689
995 996 367
996 997 34
997 998 686
998 999 271
999 1000 1330
1000 1001 262
1001 1002 861
1002 1003 209
1003 1004 983
1004 1005 163
1005 1006 507
1006 1007 879
1007 1008 1980
1008 1009 1898
1009 1010 1888
1010 1011 539
1011 1012 470
1012 1013 784
1013 1014 1541
1014 1015 796
1015 1016 1267
1016 1017 634
1017 1018 1510
1018 1019 558
1019 1020 318
1020 1021 135
1021 1022 54
1022 1023 136
1023 1024 259
1024 1025 594
1025 1026 1844
1026 1027 1694
1027 1028 467
1028 1029 952
1029 1030 141
1030 1031 1095
1031 1032 938
1032 1033 1175
1033 1034 513
1034 1035 98
1035 1036 1552
1036 1037 696
1037 1038 1818
1038 1039 1493
1039 1040 1293
1040 1041 238
1041 1042 1531
1042 1043 614
1043 1044 1297
1044 1045 1711
1045 1046 390
1046 1047 1629
1047 1048 1810
1048 1049 787
1049 1050 1745
1050 1051 841
1051 1052 183
1052 1053 570
1053 1054 121
1054 1055 1394
1055 1056 293
1056 1057 963
1057 1058 215
1058 1059 528
1059 1060 808
1060 1061 1195
1061 1062 706
1062 1063 714
1063 1064 1012
1064 1065 914
1065 1066 694
1066 1067 1665
1067 1068 204
1068 1069 996
1069 1070 1763
1070 1071 382
1071 1072 947
1072 1073 1910
1073 1074 1049
1074 1075 1769
1075 1076 625
1076 1077 512
1077 1078 1955
1078 1079 236
1079 1080 1128
1080 1081 634
1081 1082 241
1082 1083 1863
1083 1084 1128
1084 1085 1578
1085 1086 1818
1086 1087 341
1087 1088 143
1088 1089 1101
1089 1090 401
1090 1091 559
1091 1092 1477
1092 1093 1155
1093 1094 936
1094 1095 431
1095 1096 1832
1096 1097 1296
1097 1098 1538
1098 1099 1624
1099 1100 1923
1100 1101 928
1101 1102 30
1102 1103 212
1103 1104 212
1104 1105 1755
1105 1106 881
1106 1107 254
1107 1108 1294
1108 1109 1322
1109 1110 786
1110 1111 529
1111 1112 444
1112 1113 1001
1113 1114 556
1114 1115 672
1115 1116 1271
1116 1117 1453
1117 1118 1376
1118 1119 632
1119 1120 1641
1120 1121 935
1121 1122 41
1122 1123 1987
1123 1124 835
1124 1125 249
1125 1126 1540
1126 1127 766
1127 1128 797
1128 1129 313
1129 1130 1263
1130 1131 1053
1131 1132 732
1132 1133 1988
1133 1134 465
1134 1135 558
1135 1136 249
1136 1137 1557
1137 1138 171
1138 1139 1451
1139 1140 1183
1140 1141 1302
1141 1142 1294
1142 1143 100
1143 1144 1333
1144 1145 1045
1145 1146 332
1146 1147 76
1147 1148 1005
1148 1149 1051
1149 1150 1027
1150 1151 67
1151 1152 1739
1152 1153 1802
1153 1154 1624
1154 1155 1844
1155 1156 442
1156 1157 1381
1157 1158 1696
1158 1159 1919
1159 1160 1660
1160 1161 1364
1161 1162 629
1162 1163 330
1163 1164 1089
1164 1165 855
1165 1166 614
1166 1167 980
1167 1168 570
1168 1169 667
1169 1170 1680
1170 1171 1578
1171 1172 1838
1172 1173 1403
1173 1174 1116
1174 1175 1293
1175 1176 1724
1176 1177 873
1177 1178 1449
1178 1179 324
1179 1180 1154
1180 1181 1949
1181 1182 396
1182 1183 1198
1183 1184 509
1184 1185 909
1185 1186 1412
1186 1187 1994
1187 1188 1666
1188 1189 782
1189 1190 1203
1190 1191 1611
1191 1192 829
1192 1193 1257
1193 1194 1706
1194 1195 966
1195 1196 24
1196 1197 770
1197 1198 1716
1198 1199 254
1199 1200 1806
1200 1201 1685
1201 1202 1479
1202 1203 146
1203 1204 1841
1204 1205 834
1205 1206 1286
1206 1207 901
1207 1208 969
1208 1209 1995
1209 1210 634
1210 1211 1886
1211 1212 349
1212 1213 282
1213 1214 33
1214 1215 257
1215 1216 1911
1216 1217 873
1217 1218 983
1218 1219 1902
1219 1220 307
1220 1221 636
1221 1222 1861
1222 1223 472
1223 1224 1528
1224 1225 1138
1225 1226 344
1226 1227 1769
1227 1228 234
1228 1229 1996
1229 1230 1172
1230 1231 1604
1231 1232 943
1232 1233 12
1233 1234 1880
1234 1235 1035
1235 1236 513
1236 1237 594
1237 1238 531
1238 1239 162
1239 1240 1235
1240 1241 259
1241 1242 1927
1242 1243 1907
1243 1244 1192
1244 1245 444
1245 1246 189
1246 1247 228
1247 1248 720
1248 1249 485
1249 1250 1225
1250 1251 1094
1251 1252 436
1252 1253 1225
1253 1254 95
1254 1255 1583
1255 1256 868
1256 1257 628
1257 1258 6
1258 1259 1147
1259 1260 687
1260 1261 590
1261 1262 541
1262 1263 238
1263 1264 851
1264 1265 760
1265 1266 1579
1266 1267 957
1267 1268 678
1268 1269 404
1269 1270 43
1270 1271 301
1271 1272 1812
1272 1273 1226
1273 1274 1144
1274 1275 1596
1275 1276 1017
1276 1277 616
1277 1278 805
1278 1279 1007
1279 1280 369
1280 1281 1642
1281 1282 336
1282 1283 699
1283 1284 1326
1284 1285 314
1285 1286 24
1286 1287 313
1287 1288 619
1288 1289 458
1289 1290 397
1290 1291 340
1291 1292 1087
1292 1293 95
1293 1294 1847
1294 1295 1044
1295 1296 1523
1296 1297 912
1297 1298 281
1298 1299 1456
1299 1300 359
1300 1301 848
1301 1302 871
1302 1303 991
1303 1304 1874
1304 1305 328
1305 1306 1414
1306 1307 1455
1307 1308 1897
1308 1309 473
1309 1310 451
1310 1311 1242
1311 1312 642
1312 1313 1647
1313 1314 1526
1314 1315 214
1315 1316 825
1316 1317 1930
1317 1318 696
1318 1319 1404
1319 1320 595
1320 1321 1994
1321 1322 68
1322 1323 188
1323 1324 641
1324 1325 1080
1325 1326 42
1326 1327 126
1327 1328 535
1328 1329 861
1329 1330 1001
1330 1331 908
1331 1332 622
1332 1333 1693
1333 1334 1294
1334 1335 1118
1335 1336 1718
1336 1337 404
1337 1338 1944
1338 1339 1894
1339 1340 640
1340 1341 1012
1341 1342 926
1342 1343 29
1343 1344 1979
1344 1345 749
1345 1346 851
1346 1347 893
1347 1348 445
1348 1349 655
1349 1350 1624
1350 1351 354
1351 1352 37
1352 1353 1548
1353 1354 1347
1354 1355 827
1355 1356 62
1356 1357 1905
1357 1358 239
1358 1359 1572
1359 1360 887
1360 1361 406
1361 1362 1300
1362 1363 57
1363 1364 1729
1364 1365 1268
1365 1366 1752
1366 1367 20
1367 1368 1992
1368 1369 167
1369 1370 1718
1370 1371 1847
1371 1372 1094
1372 1373 1188
1373 1374 1422
1374 1375 913
1375 1376 868
1376 1377 300
1377 1378 445
1378 1379 1898
1379 1380 1202
1380 1381 1329
1381 1382 943
1382 1383 1105
1383 1384 1769
1384 1385 1769
1385 1386 642
1386 1387 297
1387 1388 1263
1388 1389 721
1389 1390 1245
1390 1391 1919
1391 1392 1626
1392 1393 1220
1393 1394 1585
1394 1395 175
1395 1396 985
1396 1397 460
1397 1398 1150
1398 1399 1015
1399 1400 1696
1400 1401 504
1401 1402 1033
1402 1403 1852
1403 1404 1538
1404 1405 815
1405 1406 364
1406 1407 652
1407 1408 1220
1408 1409 291
1409 1410 1918
1410 1411 1684
1411 1412 1919
1412 1413 585
1413 1414 1253
1414 1415 1587
1415 1416 1270
1416 1417 249
1417 1418 138
1418 1419 398
1419 1420 425
1420 1421 1169
1421 1422 28
1422 1423 149
1423 1424 1994
1424 1425 383
1425 1426 1272
1426 1427 1670
1427 1428 894
1428 1429 878
1429 1430 1015
1430 1431 1105
1431 1432 485
1432 1433 944
1433 1434 1496
1434 1435 812
1435 1436 1294
1436 1437 893
1437 1438 799
1438 1439 1991
1439 1440 1300
1440 1441 891
1441 1442 494
1442 1443 1075
1443 1444 1550
1444 1445 1775
1445 1446 1315
1446 1447 174
1447 1448 70
1448 1449 1219
1449 1450 866
1450 1451 834
1451 1452 1239
1452 1453 1912
1453 1454 1253
1454 1455 464
1455 1456 509
1456 1457 1150
1457 1458 1089
1458 1459 246
1459 1460 232
1460 1461 1921
1461 1462 107
1462 1463 1272
1463 1464 369
1464 1465 422
1465 1466 1259
1466 1467 158
1467 1468 1648
1468 1469 983
1469 1470 239
1470 1471 123
1471 1472 1724
1472 1473 907
1473 1474 707
1474 1475 190
1475 1476 1157
1476 1477 346
1477 1478 352
1478 1479 924
1479 1480 1119
1480 1481 1551
1481 1482 98
1482 1483 1837
1483 1484 592
1484 1485 1407
1485 1486 511
1486 1487 1814
1487 1488 652
1488 1489 1881
1489 1490 1845
1490 1491 744
1491 1492 1742
1492 1493 1246
1493 1494 579
1494 1495 950
1495 1496 1706
1496 1497 515
1497 1498 1786
1498 1499 1228
1499 1500 625
1500 1501 1205
1501 1502 357
1502 1503 1918
1503 1504 228
1504 1505 556
1505 1506 103
1506 1507 287
1507 1508 1469
1508 1509 1699
1509 1510 980
1510 1511 1412
1511 1512 490
1512 1513 759
1513 1514 1491
1514 1515 776
1515 1516 411
1516 1517 1133
1517 1518 1090
1518 1519 1297
1519 1520 1951
1520 1521 1113
1521 1522 123
1522 1523 530
1523 1524 1673
1524 1525 1837
1525 1526 278
1526 1527 1554
1527 1528 1977
1528 1529 671
1529 1530 1086
1530 1531 653
1531 1532 1752
1532 1533 398
1533 1534 1752
1534 1535 1002
1535 1536 436
1536 1537 694
1537 1538 1073
1538 1539 1917
1539 1540 717
1540 1541 1329
1541 1542 1512
1542 1543 126
1543 1544 1839
1544 1545 1297
1545 1546 940
1546 1547 1545
1547 1548 1057
1548 1549 827
1549 1550 903
1550 1551 759
1551 1552 589
1552 1553 22
1553 1554 587
1554 1555 109
1555 1556 1778
1556 1557 629
1557 1558 1980
1558 1559 948
1559 1560 550
1560 1561 1281
1561 1562 1246
1562 1563 1129
1563 1564 63
1564 1565 427
1565 1566 720
1566 1567 678
1567 1568 1092
1568 1569 48
1569 1570 1786
1570 1571 1232
1571 1572 1407
1572 1573 685
1573 1574 1955
1574 1575 770
1575 1576 710
1576 1577 1957
1577 1578 422
1578 1579 1946
1579 1580 1466
1580 1581 17
1581 1582 1861
1582 1583 498
1583 1584 336
1584 1585 1191
1585 1586 1678
1586 1587 50
1587 1588 1006
1588 1589 1887
1589 1590 1389
1590 1591 676
1591 1592 1144
1592 1593 1378
1593 1594 131
1594 1595 488
1595 1596 556
1596 1597 483
1597 1598 1254
1598 1599 1001
1599 1600 1755
1600 1601 290
1601 1602 489
1602 1603 1216
1603 1604 9
1604 1605 1311
1605 1606 941
1606 1607 1800
1607 1608 998
1608 1609 1708
1609 1610 455
1610 1611 305
1611 1612 238
1612 1613 486
1613 1614 500
1614 1615 793
1615 1616 1614
1616 1617 613
1617 1618 683
1618 1619 984
1619 1620 1352
1620 1621 130
1621 1622 1138
1622 1623 1034
1623 1624 601
1624 1625 1865
1625 1626 1684
1626 1627 1858
1627 1628 969
1628 1629 1711
1629 1630 1969
1630 1631 1709
1631 1632 642
1632 1633 1733
1633 1634 438
1634 1635 1685
1635 1636 500
1636 1637 702
1637 1638 1870
1638 1639 584
1639 1640 1257
1640 1641 1693
1641 1642 1641
1642 1643 88
1643 1644 1013
1644 1645 1811
1645 1646 1821
1646 1647 836
1647 1648 1664
1648 1649 616
1649 1650 1898
1650 1651 678
1651 1652 775
1652 1653 135
1653 1654 1554
1654 1655 1534
1655 1656 879
1656 1657 287
1657 1658 1625
1658 1659 735
1659 1660 76
1660 1661 1350
1661 1662 713
1662 1663 985
1663 1664 625
1664 1665 1793
1665 1666 505
1666 1667 823
1667 1668 56
1668 1669 914
1669 1670 463
1670 1671 474
1671 1672 85
1672 1673 161
1673 1674 1123
1674 1675 54
1675 1676 1398
1676 1677 1823
1677 1678 1751
1678 1679 1338
1679 1680 1918
1680 1681 7
1681 1682 932
1682 1683 198
1683 1684 1506
1684 1685 1237
1685 1686 358
1686 1687 600
1687 1688 291
1688 1689 1899
1689 1690 986
1690 1691 1448
1691 1692 1085
1692 1693 593
1693 1694 726
1694 1695 997
1695 1696 1856
1696 1697 829
1697 1698 1339
1698 1699 1343
1699 1700 429
1700 1701 1796
1701 1702 743
1702 1703 38
1703 1704 1507
1704 1705 768
1705 1706 1054
1706 1707 1794
1707 1708 506
1708 1709 147
1709 1710 1610
1710 1711 1925
1711 1712 1855
1712 1713 1466
1713 1714 240
1714 1715 207
1715 1716 210
1716 1717 1493
1717 1718 500
1718 1719 176
1719 1720 1037
1720 1721 1062
1721 1722 1648
1722 1723 1619
1723 1724 1014
1724 1725 728
1725 1726 1713
1726 1727 1897
1727 1728 1910
1728 1729 1842
1729 1730 131
1730 1731 1091
1731 1732 1035
1732 1733 1916
1733 1734 287
1734 1735 1524
1735 1736 667
1736 1737 1345
1737 1738 737
1738 1739 38
1739 1740 1417
1740 1741 1894
1741 1742 1950
1742 1743 972
1743 1744 845
1744 1745 778
1745 1746 1286
1746 1747 201
1747 1748 591
1748 1749 286
1749 1750 326
1750 1751 1119
1751 1752 1669
1752 1753 7
1753 1754 1730
1754 1755 9
1755 1756 542
1756 1757 226
1757 1758 1537
1758 1759 1981
1759 1760 717
1760 1761 471
1761 1762 1385
1762 1763 748
1763 1764 329
1764 1765 1937
1765 1766 205
1766 1767 701
1767 1768 1524
1768 1769 365
1769 1770 1412
1770 1771 41
1771 1772 251
1772 1773 1505
1773 1774 1484
1774 1775 1767
1775 1776 142
1776 1777 671
1777 1778 846
1778 1779 507
1779 1780 1089
1780 1781 1257
1781 1782 1108
1782 1783 267
1783 1784 1858
1784 1785 679
1785 1786 200
1786 1787 675
1787 1788 156
1788 1789 1192
1789 1790 991
1790 1791 1833
1791 1792 859
1792 1793 997
1793 1794 918
1794 1795 291
1795 1796 1968
1796 1797 1708
1797 1798 235
1798 1799 247
1799 1800 1463
1800 1801 1403
1801 1802 240
1802 1803 1427
1803 1804 1096
1804 1805 907
1805 1806 315
1806 1807 351
1807 1808 587
1808 1809 1280
1809 1810 1777
1810 1811 1823
1811 1812 880
1812 1813 302
1813 1814 1813
1814 1815 1677
1815 1816 1165
1816 1817 1358
1817 1818 571
1818 1819 39
1819 1820 313
1820 1821 145
1821 1822 562
1822 1823 181
1823 1824 201
1824 1825 644
1825 1826 1857
1826 1827 62
1827 1828 648
1828 1829 1940
1829 1830 1809
1830 1831 1291
1831 1832 1453
1832 1833 980
1833 1834 619
1834 1835 1420
1835 1836 8
1836 1837 285
1837 1838 548
1838 1839 1978
1839 1840 1676
1840 1841 614
1841 1842 710
1842 1843 1372
1843 1844 643
1844 1845 340
1845 1846 337
1846 1847 622
1847 1848 1502
1848 1849 35
1849 1850 130
1850 1851 1359
1851 1852 1437
1852 1853 470
1853 1854 898
1854 1855 505
1855 1856 799
1856 1857 203
1857 1858 1106
1858 1859 1239
1859 1860 1033
1860 1861 66
1861 1862 517
1862 1863 482
1863 1864 1580
1864 1865 1024
1865 1866 1728
1866 1867 1772
1867 1868 1314
1868 1869 383
1869 1870 141
1870 1871 817
1871 1872 489
1872 1873 1320
1873 1874 1590
1874 1875 1514
1875 1876 260
1876 1877 852
1877 1878 272
1878 1879 1284
1879 1880 365
1880 1881 1039
1881 1882 1013
1882 1883 1185
1883 1884 1760
1884 1885 1502
1885 1886 1575
1886 1887 734
1887 1888 1060
1888 1889 1715
1889 1890 1650
1890 1891 596
1891 1892 523
1892 1893 542
1893 1894 417
1894 1895 1378
1895 1896 1053
1896 1897 566
1897 1898 1892
1898 1899 139
1899 1900 1311
1900 1901 968
1901 1902 1056
1902 1903 1788
1903 1904 1225
1904 1905 223
1905 1906 440
1906 1907 1442
1907 1908 649
1908 1909 805
1909 1910 1835
1910 1911 1369
1911 1912 1442
1912 1913 873
1913 1914 669
1914 1915 1975
1915 1916 1177
1916 1917 1138
1917 1918 634
1918 1919 1242
1919 1920 1746
1920 1921 19
1921 1922 1016
1922 1923 975
1923 1924 1253
1924 1925 847
1925 1926 957
1926 1927 1525
1927 1928 967
1928 1929 1582
1929 1930 145
1930 1931 241
1931 1932 1335
1932 1933 1297
1933 1934 1877
1934 1935 1028
1935 1936 1206
1936 1937 19
1937 1938 292
1938 1939 1642
1939 1940 1466
1940 1941 192
1941 1942 472
1942 1943 260
1943 1944 1701
1944 1945 218
1945 1946 17
1946 1947 1944
1947 1948 625
1948 1949 1065
1949 1950 1506
1950 1951 1158
1951 1952 1503
1952 1953 1667
1953 1954 1276
1954 1955 47
1955 1956 1633
1956 1957 1790
1957 1958 47
1958 1959 146
1959 1960 4
1960 1961 1153
1961 1962 1902
1962 1963 327
1963 1964 1154
1964 1965 1185
1965 1966 1650
1966 1967 351
1967 1968 406
1968 1969 347
1969 1970 1026
1970 1971 971
1971 1972 337
1972 1973 796
1973 1974 1794
1974 1975 1324
1975 1976 1533
1976 1977 857
1977 1978 1897
1978 1979 1211
1979 1980 1777
1980 1981 1693
1981 1982 551
1982 1983 1291
1983 1984 1796
1984 1985 1853
1985 1986 1351
1986 1987 316
1987 1988 37
1988 1989 1362
1989 1990 1761
1990 1991 1985
1991 1992 730
1992 1993 535
1993 1994 51
1994 1995 83
1995 1996 807
1996 1997 1937
1997 1998 1585
1998 1999 791
1999 2000 1618
1182 1067 1117
388 1426 1102
1610 451 1983
621 1194 1039
754 594 896
280 1639 1168
1420 346 884
1865 697 834
390 633 190
1839 184 1818
129 754 680
613 601 253
1145 1862 152
318 964 1814
907 1555 1477
617 1212 1430
264 1967 1532
1942 699 1523
1155 1588 1258
1158 465 1763
510 947 1066
380 1166 1947
1540 1298 43
464 1195 585
270 716 201
1206 107 1303
696 834 1612
1067 416 646
175 355 1449
919 1080 1989
321 1593 1598
197 1510 653
72 659 123
859 1998 1000
1899 121 1321
37 985 913
1915 1954 1486
741 200 1568
208 845 170
1681 880 1109
1207 1260 1707
1849 76 27
124 1608 1775
884 129 547
1145 482 1715
149 169 1339
307 794 1505
1105 1698 218
1955 642 344
133 98 680
736 1556 1634
1954 931 253
1904 280 489
870 1755 73
176 702 1416
87 232 1481
1975 261 515
938 658 991
1438 982 1448
1242 619 71
1631 62 1220
781 991 834
672 1564 1303
502 929 722
898 1448 946
406 223 687
1794 1578 845
683 1548 1241
485 465 1724
337 654 1169
130 1256 1467
858 513 1657
1318 1202 143
1276 1507 703
684 1024 271
312 251 1476
311 851 1196
1488 1521 102
183 799 1893
848 785 246
187 463 344
258 860 872
17 173 833
441 1684 89
16 1977 517
298 40 1284
1205 1998 1147
1769 1676 918
1387 1021 31
1442 1736 390
373 1481 74
777 787 382
1785 523 346
979 86 1714
935 1736 884
186 97 649
86 753 522
1260 1983 637
1688 1920 1237
792 1066 1279
198 1497 387
1011 977 1548
121 1203 1246
702 565 1540
572 258 371
1920 1655 1360
1080 1299 1392
1960 511 1592
1867 34 1676
136 500 1776
1790 377 1257
272 704 1087
967 1516 1543
1495 1567 457
186 438 1199
626 365 1086
1665 909 341
1360 815 1155
13 1753 1339
706 526 631
1249 1180 1080
313 839 518
421 146 1992
1969 1840 309
565 1763 1474
1681 1971 1148
1053 709 509
715 430 1067
1689 664 1772
1541 260 632
1572 515 967
1988 171 169
199 656 1851
1444 937 279
1406 1428 314
1523 372 1328
1073 1462 174
1934 1103 1588
1417 1464 154
126 596 1496
1213 407 1371
1859 1306 497
833 224 853
1879 520 127
1793 1586 1466
1371 1445 1108
1271 88 100
519 597 1716
1552 493 754
257 1591 960
1357 887 1810
1865 1687 20
259 314 436
1028 102 469
869 457 732
1578 75 1396
843 1275 1317
1024 512 586
1722 972 58
96 175 1039
183 659 1296
1722 984 232
1503 233 301
1590 1481 1409
1505 703 859
1818 558 1562
120 1029 1657
1713 1333 1093
1182 468 1321
1358 1075 1988
1094 984 1365
1264 1715 747
390 426 256
1163 1468 1793
231 620 881
718 129 1949
720 1080 92
1766 1588 1809
126 826 1160
1518 1221 36
1314 1457 148
1156 135 1361
751 209 1479
294 590 1525
1976 1695 91
189 1373 1420
301 1703 845
523 540 610
1827 638 187
1416 1828 1170
1623 900 515
415 1645 1437
1669 379 1677
1858 1953 1847
1137 1916 989
616 1289 383
75 334 1916
1056 1657 63
1616 525 130
1442 1985 873
1049 1397 27
582 203 776
1416 666 553
759 756 1418
844 1555 1444
824 2000 423
121 1734 1414
1917 1794 1874
61 1176 1075
1985 502 1623
1208 1396 1027
720 292 1989
929 1073 978
193 9 255
922 877 1138
816 1804 1091
1912 290 1254
1979 1300 323
902 1603 370
654 730 1735
438 275 1227
463 135 973
348 454 1504
307 1519 334
1437 696 1180
661 1145 1660
961 1908 577
1472 646 1593
972 629 197
811 1536 1836
1229 1717 1533
956 159 1750
620 1297 1725
1120 527 407
983 1446 575
1691 589 539
664 105 878
353 943 1005
623 853 1626
1611 1843 725
1149 136 1591
146 1329 1856
1804 1742 910
1381 780 1103
84 693 533
1312 100 162
1047 406 1291
1569 1960 629
139 1229 1581
471 1779 1441
456 149 1445
745 126 1211
698 1617 1181
815 65 227
1472 1480 1594
482 1006 537
1333 1106 1588
732 1639 1166
1064 519 400
1032 1509 1897
1438 1979 639
245 60 170
744 1363 770
1049 519 468
558 144 1062
1603 1191 187
1226 1604 1005
1300 1769 424
1347 1397 567
1230 1666 153
1 1618 1174
786 669 1598
1579 225 1729
260 159 1426
1267 1313 735
452 1170 1563
1570 212 1236
890 1712 65
750 961 1546
767 1755 788
217 566 1943
89 274 816
1579 838 1389
1269 1887 1831
809 641 1322
319 1882 1627
1020 1412 455
1893 1985 358
999 337 830
1950 1458 406
365 335 50
1094 593 1271
119 1018 1314
1253 118 978
1160 1506 154
591 563 1577
854 73 1135
1016 1051 1194
1945 1853 748
521 62 345
259 367 886
439 719 1108
1268 1555 51
1432 1800 21
735 1099 793
1916 183 1030
1316 1060 1759
583 400 1136
357 71 1272
342 1781 1878
406 296 1687
403 253 1719
1035 1286 429
678 1961 102
949 365 386
1626 1158 738
841 939 1594
1096 1034 494
1768 1874 1936
1109 97 382
1561 1740 1585
1923 500 732
1849 1443 607
850 288 41
769 1224 1589
467 84 1401
1158 1607 939
1463 921 367
1758 1686 1024
229 1299 1357
1470 1176 197
1683 1989 1620
946 191 276
469 1520 342
197 546 1655
1158 59 1795
1791 1342 838
900 1233 676
1736 1439 1959
580 1086 1014
1284 1254 728
285 427 1671
536 1282 1371
549 1349 1078
199 836 1574
137 352 732
1617 1234 572
1376 1530 1732
1044 343 468
1 1529 917
634 1000 1758
1240 582 1624
1941 1132 1750
1539 1300 1576
100 364 1246
726 202 425
84 1390 736
25 896 746
170 1484 718
392 753 1325
1773 1741 256
468 71 844
31 1757 766
1114 981 1459
358 125 9
1311 668 1718
1928 1591 1100
580 1871 991
1412 1 65
275 85 1683
1911 107 1869
644 1827 437
1366 1593 989
838 1866 1213
1947 1447 1660
1052 1772 1257
1110 58 667
250 671 1146
1925 1149 1875
1774 1044 1430
1536 764 17
1858 1935 1302
62 656 1816
1174 583 140
83 25 901
1575 1338 1377
1300 1425 1865
537 696 526
629 852 1789
794 1745 1707
76 72 491
1884 820 1980
1195 1159 808
845 1375 1439
1156 821 433
1766 1223 958
553 272 956
1389 1626 30
1128 40 1528
394 491 1649
55 1518 193
530 619 1149
57 991 283
1743 440 1302
1493 1928 270
393 1034 432
1592 1136 1027
1842 1081 617
961 718 1908
1920 1246 167
121 1783 783
1006 492 1871
615 196 1144
1763 772 1593
935 1218 1413
1881 1468 722
952 1323 1829
230 430 1425
1699 154 152
1794 1042 1265
383 721 145
388 78 214
1202 659 203
1753 250 1059
575 91 639
823 1396 702
1205 1559 1124
287 1042 27
530 210 821
935 1044 532
1674 1903 101
1071 776 1010
430 795 623
1736 891 1016
452 755 1783
1933 1189 1856
1960 1946 1924
542 660 488
1943 1348 585
1389 1669 1789
1198 281 1480
707 1814 861
1447 1847 1272
182 345 1143
448 1637 354
1549 1889 824
1825 1252 191
1639 47 1363
1775 1625 79
985 104 782
377 351 49
170 495 217
729 1727 39
1915 673 353
1862 422 1668
1128 1466 330
259 83 1390
986 1420 736
140 667 1633
1485 1823 4
1161 1897 142
150 433 1873
361 771 314
1165 1646 121
1810 129 1971
621 1597 1005
514 800 1211
1269 1553 236
471 345 1831
382 1262 396
1151 667 84
710 759 1373
295 1907 15
1452 285 1906
1812 22 342
575 291 1526
611 168 983
1783 1388 794
51 1680 269
1274 885 630
335 461 106
1511 993 1825
1550 1017 61
1801 760 1310
923 68 1301
1225 257 1141
49 1656 1808
449 492 761
382 837 220
270 1680 1726
1519 810 702
631 325 1808
725 302 284
1969 489 1165
1963 125 1535
1770 852 1998
1724 1512 68
265 841 1380
955 29 1662
432 228 161
139 667 238
49 849 405
1048 1566 222
133 1176 242
514 148 1363
1954 1677 1455
1658 1722 785
688 467 117
856 181 430
537 1630 390
1843 1005 102
1384 921 1988
1136 1053 1583
1528 367 1473
1193 959 180
983 1988 824
397 1097 595
901 1654 521
503 1473 21
1932 954 825
1033 58 1666
732 281 1168
966 1691 869
1926 829 1480
144 1704 1450
833 4 911
1240 1028 1611
527 1283 394
1187 1864 1962
565 600 1252
1318 82 1559
103 359 1239
1178 1465 1458
572 1222 923
1756 868 1261
1298 1344 1235
841 20 1353
63 412 812
1793 1406 882
1651 1761 1899
1271 1843 1695
1084 1536 501
955 1156 324
650 689 1940
11 18 933
948 1211 1496
419 649 190
171 1852 1696
1223 1638 650
1800 408 135
884 1178 813
641 1305 497
1162 538 552
1851 733 1566
938 1446 1229
194 527 179
1745 929 206
1149 1258 1313
1401 1200 728
692 354 1796
542 568 1150
376 256 743
748 104 816
48 1074 966
749 138 170
331 1971 54
768 53 1179
1156 982 696
1586 1930 732
278 1860 753
1089 1959 239
1054 1973 209
1656 172 148
503 1512 175
819 108 206
599 789 1262
1045 436 1493
1732 77 668
403 368 900
1054 168 1213
114 130 1794
1977 1855 1013
831 890 1327
647 1300 490
1674 1837 613
387 1958 1504
1491 483 830
1027 1362 953
496 1647 1184
1597 1555 1033
102 1946 477
224 1082 196
1623 1633 344
602 1370 1283
1989 438 1600
36 1180 1655
652 1400 351
132 946 1294
1871 650 591
1204 178 1706
1319 751 529
228 1723 1669
785 1775 1185
651 885 1038
915 1190 1682
1074 1760 1851
546 1261 428
233 1422 1162
1818 1547 1351
1263 462 1847
1458 1595 1372
1945 1503 247
420 1255 1954
1760 1587 1420
735 617 114
1335 593 1019
1265 1371 337
525 747 1645
1512 1483 816
1105 1727 1202
773 1307 1081
1593 1991 592
214 1224 1858
700 850 323
1285 763 703
1268 1375 1153
1848 1236 639
762 238 273
1792 201 344
1519 1482 1371
991 1146 1985
714 1086 80
399 283 387
1119 651 194
185 1517 609
1888 1500 426
896 1770 1332
1814 1503 1971
1537 1599 1078
1398 852 1889
463 1054 1506
1741 1268 1663
1655 82 1696
1618 873 1095
1670 539 1122
1445 524 244
365 719 1136
937 600 1500
1192 555 1125
32 67 430
722 1557 1819
1875 1693 1911
361 1133 1729
522 1150 1278
1826 1349 1279
1777 339 1176
944 126 140
1821 341 1641
1966 1082 149
1547 1952 908
1551 1111 558
1077 1010 404
1576 541 24
574 1455 370
1906 486 1000
49 1931 574
658 1817 885
373 32 605
1783 1792 1423
11 988 365
568 1995 580
24 1710 1658
141 1286 478
24 1273 829
1435 1550 518
1009 1744 868
1265 1591 892
369 1539 1605
1776 213 992
693 1410 1621
197 663 1129
100 760 843
440 90 1495
642 1621 1487
146 1965 1487
1271 944 1467
1474 1446 1789
1349 1828 955
1504 1282 247
1757 1286 115
350 833 1674
943 313 1233
883 1240 1769
589 1684 210
1987 796 1246
1912 640 936
248 1480 1208
1230 1955 1602
1940 44 1719
1412 378 624
1472 1984 1886
1686 721 258
702 440 607
276 1925 653
1037 1036 1700
1316 1891 1368
1606 1222 1976
1520 793 566
1547 259 1685
1531 830 1783
705 163 1690
1923 871 1343
1282 197 181
1969 1073 716
52 737 1756
1174 478 1155
729 883 1852
1769 1238 302
1676 1605 1074
161 1198 596
125 1486 1063
1229 1561 1719
1073 80 710
1662 225 1575
1682 1476 816
1343 1447 1533
568 685 362
1472 1287 267
90 152 605
1233 1595 1077
598 605 1534
468 1185 1418
964 1617 1015
67 997 874
1148 511 397
1941 1792 867
1589 21 1356
1948 252 1082
271 1826 1229
1173 1455 310
430 1239 1992
1739 854 449
567 1055 1878
490 1198 1057
773 590 863
1536 1430 889
539 1586 1842
167 1521 1561
1047 582 383
1606 1990 785
1403 1961 1463
732 393 844
64 924 612
740 693 444
270 1920 850
112 577 1846
486 1557 604
1364 499 509
878 1339 724
1005 412 194
1117 944 1228
514 1291 417
801 340 545
236 13 275
1433 1741 402
183 1136 829
633 438 135
577 1672 723
1263 1660 541
1368 283 1849
366 1291 1228
458 72 107
305 1002 1435
1770 1556 508
299 1731 76
803 1440 195
488 665 674
1048 1359 281
487 1765 1714
14 453 171
978 767 705
1416 650 378
837 538 1460
432 956 106
526 1938 1367
1914 1156 1291
446 183 1636
94 1937 1847
1238 1457 404
1714 1600 42
925 75 325
344 1864 1750
1276 598 335
647 427 44
1244 1593 762
1269 1176 1140
696 1482 472
268 714 1667
31 807 1110
290 1060 1685
546 760 1104
606 392 94
1196 584 1951
1557 1436 13
667 870 166
1903 974 1792
516 150 516
118 244 1389
497 1712 1092
1874 564 1126
1007 371 1122
1727 659 337
275 1222 1577
1799 920 242
611 1713 210
1635 1264 1831
514 1337 1784
1032 989 1340
1705 671 1941
1868 392 1729
985 1538 321
1124 998 1355
703 1495 563
1865 1555 701
302 1715 1630
794 1027 464
528 1749 1680
1351 200 4
442 1281 17
1290 1099 1859
1730 554 1552
1262 445 1650
485 1056 573
889 859 1553
129 641 861
47 628 1045
422 1937 1474
1154 334 757
1051 1392 535
1931 323 1080
202 1177 1581
1269 1389 1430
1885 3 1611
327 275 1761
100 1043 1056
393 1066 929
572 1285 727
798 524 202
1587 89 1998
1652 1176 1751
678 1456 894
630 1407 1532
489 1166 522
127 1965 441
1113 390 711
488 1764 321
188 1822 1265
4 1755 723
1316 1855 587
425 1525 1819
1302 121 660
488 683 342
574 501 1567
222 1755 1553
850 1517 1227
1486 603 1738
901 1902 750
1967 103 266
1881 1844 711
508 490 1859
184 122 107
586 1988 1372
490 973 519
74 354 1282
662 1997 214
1451 1116 805
1785 334 1565
504 838 1454
1784 334 973
921 1545 1371
1257 89 130
297 1341 1924
1901 1344 1877
1731 1501 1649
1613 254 312
1693 333 1452
1814 1600 217
1212 835 1850
252 913 142
1209 1451 1181
1569 1536 563
1365 1112 818
1011 764 1322
606 1346 1444
1850 594 665
442 1445 1834
736 503 1026
1559 1954 1008
1006 1544 1130
751 1071 1396
1228 1542 60
1220 716 945
178 1659 1385
1738 384 639
1737 1636 1031
1782 316 81
22 426 1753
1204 1447 1413
1004 46 826
1244 550 995
529 133 10
316 430 1762
1133 931 747
1532 1284 874
439 1881 836
987 571 1590
1629 1561 1522
597 190 1164
444 622 706
815 714 335
999 1138 1616
164 59 1512
383 847 944
737 1832 656
251 352 1291
53 296 421
62 361 1768
1273 35 134
1191 1302 379
1387 1880 1501
615 710 73
1061 1953 971
823 65 538
51 1611 792
978 444 1162
821 719 299
1183 934 696
709 1073 1469
703 865 846
1849 1051 647
1142 445 156
459 769 886
301 769 1848
606 1188 536
309 365 1634
1351 1141 626
1724 1347 1201
838 32 1222
1217 1625 1585
815 345 353
20 71 1368
919 175 488
1030 346 717
45 1700 1163
1685 116 1322
502 542 1805
1573 734 1453
1811 230 225
159 1984 1666
1845 1951 827
591 898 1214
371 1987 663
1190 1585 1907
1418 1623 1720
1666 219 1992
959 1567 1104
1279 499 868
1345 104 1431
21 26 1535
1821 1834 236
287 394 828
1348 625 693
1918 801 1245
431 1087 1696
1508 1754 1598
1192 1122 820
907 1072 1023
561 1992 53
1251 1524 966
956 981 1062
465 1524 301
1828 1236 1954
612 1683 1877
157 1290 1293
1199 1777 462
842 1132 1661
700 1639 1081
620 546 930
168 142 763
834 1634 271
1082 1 561
1364 142 100
336 1666 834
1029 828 1255
1028 320 1985
1110 169 418
1397 126 1407
1410 464 49
690 970 1345
599 644 156
464 538 1559
1206 912 1415
1947 1294 1130
587 81 86
764 1235 1077
16 119 1385
847 649 548
1555 833 782
837 1428 1897
1859 325 1800
1653 1702 842
404 1730 1216
565 1651 1533
1083 1720 297
439 779 239
1241 804 7
620 671 1850
1205 525 1079
1787 1985 630
139 1899 1974
638 1816 1003
42 486 1064
211 67 828
1583 1931 566
83 1983 832
235 1291 1813
1256 1803 1449
513 127 498
1064 1216 294
1907 438 419
338 425 71
1183 346 1329
60 1484 1222
537 1561 1350
923 884 1906
1847 1314 787
984 410 235
500 1971 840
1157 1669 1857
485 1593 1023
733 736 1384
1827 500 1062
91 1136 101
1479 574 907
885 1246 1210
1836 1982 940
1699 102 1408
195 1220 1085
1427 1356 1561
133 1453 801
603 1689 1399
875 1570 305
990 1844 1558
1857 1320 1876
149 191 1947
798 1468 347
509 81 480
1981 1208 1720
138 426 1700
770 15 511
355 233 1766
618 1721 238
264 710 704
544 51 542
301 345 1428
141 911 1697
824 1684 1099
640 1132 1571
1754 1536 904
1445 1610 1415
33 918 1631
1318 433 414
91 462 133
635 1518 646
1321 1819 1806
333 722 1247
970 1789 395
1008 1228 836
577 1676 206
51 643 1255
318 1391 725
979 1366 755
1171 23 1845
1267 510 411
1872 553 1875
977 1698 1371
1941 268 342
617 969 1066
1321 656 728
914 284 138
932 550 1163
882 36 593
1135 931 535
1520 1729 1689
1724 635 1234
1603 1126 123
782 761 1066
1930 265 1424
1322 487 909
638 632 1566
426 363 564
378 420 1852
741 1316 1077
1168 1522 99
1587 532 1240
339 553 831
474 782 1743
1118 901 1701
234 1607 681
1790 924 1400
168 486 1635
1455 1545 445
708 801 1220
518 350 948
1580 1300 1449
684 120 1133
1340 1889 1771
1297 1434 1141
622 546 1541
727 251 1083
1247 100 51
1730 397 305
331 806 52
1082 1140 768
370 677 144
556 1974 1117
1957 287 1367
433 844 673
1814 1299 1472
937 1262 810
920 1587 1328
441 1054 1324
528 1492 598
1099 1882 1824
1310 1672 1579
1993 1091 1654
1234 267 248
113 1423 746
1974 1489 1023
1377 1520 84
1966 806 795
1646 325 1442
1089 1099 1798
67 461 392
573 1466 606
806 1439 397
1518 263 1945
1726 1016 894
1323 1570 1125
218 1370 473
1670 1162 16
1825 730 1495
38 196 1831
549 1301 1702
794 562 1304
992 1960 949
1206 614 970
1639 1456 562
651 411 678
576 540 1223
1502 225 1197
849 24 1913
1723 1715 1372
808 1621 982
1156 1299 150
145 498 1467
1443 1449 393
1531 205 1696
1294 1451 1150
1951 582 1599
1845 1676 246
1584 1434 101
399 1568 298
10 942 232
100 899 975
387 760 1263
145 1730 1660
1324 768 967
1968 1928 95
849 1797 1543
1923 1397 1418
1411 1369 49
1781 1834 575
688 1885 1669
468 426 205
1844 922 961
1911 1923 1952
700 343 631
1425 431 1452
1720 199 528
1480 406 1383
425 1615 613
204 1193 10
938 1006 867
666 172 1081
964 1542 1027
1886 1936 734
1251 725 1077
1292 160 952
1596 1528 808
287 28 1921
805 1128 838
1710 584 1804
1137 1484 1342
1635 622 1278
278 81 435
711 230 854
1930 1409 731
1448 1633 1142
670 1417 1064
1818 816 1985
509 1975 1742
1885 1409 961
1748 1086 1779
101 172 506
1401 797 173
1109 732 988
1670 1526 185
1802 1728 1747
1688 1353 1198
989 1896 399
951 19 1374
257 1720 1874
915 1069 884
1610 1860 126
1596 840 1584
1518 1160 1519
1061 168 604
166 1939 227
1193 1883 1877
1760 739 558
1780 555 1079
62 869 522
1673 1099 758
1258 1420 346
1901 190 217
1956 1240 1726
125 533 1179
421 717 1763
287 209 739
1530 606 1491
1799 1570 408
1253 1414 1657
1785 584 349
593 800 1363
1606 1667 1736
219 1672 665
599 609 1848
15 915 1213
1507 623 328
492 321 1000
1898 1272 387
192 553 218
524 989 694
1089 1689 415
296 269 347
1358 1738 1746
1568 798 826
1647 222 1238
643 1908 1671
549 547 1040
252 13 21
1431 477 692
525 846 100
416 1775 1057
677 873 1737
1008 897 310
1132 359 1789
744 5 931
727 1650 520
868 175 1902
361 256 1967
927 1314 363
780 819 1729
1289 1714 942
223 797 732
840 232 136
1632 1583 1383
1250 645 853
1457 1602 269
1033 774 1895
419 527 884
533 783 1513
1436 826 1053
1812 25 1846
1296 203 1774
1758 306 678
1358 1112 1282
1650 1571 1981
253 328 360
1716 1798 119
1718 1778 382
66 153 714
371 177 587
874 243 242
509 1098 663
1248 243 1149
592 537 1621
617 1230 1625
1781 639 707
1561 351 548
458 1040 1906
1981 469 415
1601 1317 295
1967 1046 168
40 164 601
1774 445 1000
1525 81 1218
824 450 87
1674 1258 186
1215 59 276
1230 583 212
1037 271 963
591 29 662
1612 1697 877
100 1959 1172
191 1249 123
698 551 1759
1728 1146 1743
1438 1861 1474
477 1494 696
1404 1214 33
1525 905 296
1221 1849 169
85 621 92
838 1233 1120
337 1567 433
1262 535 1832
1637 695 103
1011 515 643
269 1835 1548
1730 1504 1042
606 412 298
737 103 16
1063 118 318
1999 152 644
1538 783 1455
1887 13 1913
922 1838 175
1091 809 1719
1851 278 1624
1852 1212 231
589 2 16
487 729 1030
1921 1988 1864
1327 1489 1478
714 847 476
1082 1832 1840
619 170 1648
1362 407 561
752 906 562
720 381 1442
550 1340 1739
1124 952 1006
940 990 626
1482 1105 654
1380 1431 1612
606 1059 1788
52 328 1431
1622 748 1408
296 1715 1206
949 1407 811
515 1936 1589
1785 335 914
1023 1477 1964
177 1727 923
1707 1530 1267
1627 1426 1901
1248 1976 1531
1757 1414 1097
1016 93 906
1251 1808 1731
1703 1548 453
255 685 536
594 147 1791
37 48 506
607 1279 959
281 1747 300
422 593 414
808 53 42
1791 1577 925
657 709 1947
1958 633 264
1627 1832 442
679 638 1101
637 910 1751
654 541 1598
827 980 1047
139 1839 82
898 1793 1222
697 294 814
206 930 694
351 817 195
238 1989 676
1971 422 1981
1683 967 1100
756 610 467
1668 1360 396
1184 1929 1095
332 1867 459
1266 1464 914
1431 1287 1361
1166 450 1123
1260 1884 174
966 1707 947
474 709 1347
1670 821 267
1069 1379 1928
1038 885 1360
1767 1979 31
921 192 891
1093 1445 810
1507 41 524
222 648 151
1225 1263 1383
969 1741 2
855 306 1527
287 1864 980
966 479 1346
209 887 907
720 1644 1607
442 1362 984
938 818 796
1709 800 498
1795 743 1253
1367 141 104
855 756 1053
856 446 263
997 651 790
66 706 1128
447 428 1504
1276 266 676
1246 1782 1804
1815 264 761
1316 582 1778
533 1829 785
703 445 477
374 109 1536
402 1936 442
1786 394 1321
1414 945 1858
912 305 1497
1691 707 827
216 1584 134
511 977 306
1665 1207 1099
418 1620 792
1024 468 851
1934 496 976
1075 1695 1788
1465 763 1640
1508 1461 1683
586 1496 1123
1935 1949 1560
1119 1139 1467
1373 751 61
1341 94 549
406 1919 269
212 66 620
127 572 1115
43 1751 750
1728 1262 1978
736 26 1607
465 1784 1954
1405 1627 1154
165 546 1128
1780 432 381
183 1348 724
1081 1064 1545
249 427 441
1662 1292 1030
1698 1599 979
1727 826 461
269 1181 224
1347 403 166
1082 1424 56
187 808 810
1330 92 112
1544 1345 1076
1689 1206 757
724 1218 1857
49 761 281
1650 89 967
1067 1779 1174
1843 1049 1933
1576 764 1599
335 1617 1858
980 167 1662
1491 1934 1930
86 1251 892
693 1289 289
786 58 560
827 911 227
1290 1242 265
666 75 693
148 413 893
216 159 828
1159 43 840
163 1449 397
250 897 1197
1678 1109 1487
1437 1304 324
2 1042 1846
1630 1095 401
993 55 395
1204 1543 125
569 582 644
1827 202 503
1023 39 1562
1834 1102 206
900 733 1457
636 1211 1918
593 478 1793
910 991 1409
775 1890 70
1391 140 1836
306 40 174
1069 1574 1445
1827 196 1337
395 1103 317
1007 1023 765
1948 1009 1773
1008 1791 1158
1047 832 1087
1696 907 1468
1814 191 1468
1605 1512 384
653 1440 827
1942 1930 1441
1527 541 1887
443 1048 154
470 611 1606
709 972 472
1242 333 843
420 1226 882
1718 589 1352
1252 1858 866
975 1431 1352
102 1751 1789
747 73 1291
1219 1718 1994
1760 757 93
1693 1200 1033
849 874 344
1933 445 857
486 26 365
1 333 1023
1145 54 1710
895 748 509
1319 1635 1137
1123 245 983
490 1376 547
439 1049 566
962 1169 1720
1469 1983 114
1287 341 767
1633 291 322
636 678 1996
906 1464 1250
1620 57 134
1566 1956 58
1421 462 502
660 917 1164
738 1379 1398
1334 1589 1500
470 1200 116
366 1466 1233
1874 1079 338
800 849 1994
1958 758 1672
1058 683 618
1065 707 1821
1312 205 1603
1197 137 644
1116 979 307
624 1116 474
160 679 337
719 609 1189
1782 322 617
223 713 1187
1170 767 1043
268 459 877
662 1947 982
1753 705 839
597 323 1596
911 1116 388
1221 238 605
1578 641 1865
566 1695 1932
1365 757 1185
66 1107 1266
1 1985 390
1402 1412 958
1807 408 228
1686 1944 1036
1112 232 678
1049 1207 402
1435 1547 1960
1576 812 1709
91 1165 598
1725 108 1884
415 378 1095
1380 1356 1169
934 384 612
316 404 1949
200 1042 1661
1273 1724 1190
33 1224 1788
178 740 1504
1137 891 464
177 1802 204
1913 831 1315
100 999 104
598 118 1791
868 1375 1693
448 107 1185
848 1927 568
235 408 1978
1471 1206 31
920 846 1459
759 599 1043
808 278 67
1633 1506 279
1290 1312 1441
18 403 870
1543 849 227
760 58 864
1646 491 669
1526 1387 611
1649 340 814
1162 359 221
437 1816 876
372 877 1391
1429 556 11
1077 785 1276
1435 1977 841
49 530 191
633 1368 638
1323 1446 1004
1994 87 1735
1452 1276 542
1925 1202 856
1304 379 1392
433 1261 726
826 126 691
189 1708 1936
1847 1720 884
614 1429 314
49 27 641
1727 1710 467
565 1966 1888
473 977 1751
653 1954 1230
509 1344 601
771 1612 779
763 189 1569
1002 1961 969
1373 1667 361
418 386 2
1485 1620 947
613 697 390
894 805 1120
219 628 89
461 1296 653
1643 91 748
1965 1125 285
525 1954 1793
110 198 498
805 113 1857
1256 1731 1232
1034 502 172
438 657 1266
1236 470 1925
386 973 803
1652 1472 1581
925 381 709
1599 138 1868
728 1813 1832
1684 1294 659
1140 888 1689
78 1560 960
530 631 677
140 639 392
1860 277 61
95 329 438
1053 1386 140
927 729 197
1304 369 397
975 814 1184
391 149 1647
333 1560 1128
1773 602 208
495 553 836
460 1653 1172
595 1721 1274
89 1468 1376
1163 1613 475
1649 1931 629
1395 584 1834
1127 46 1001
1985 1991 1773
638 1772 794
1696 374 62
908 717 1301
739 828 1498
1872 579 1290
1772 1694 1659
999 1479 1367
1610 643 1996
1567 1578 1855
454 1993 1603
226 1995 1046
1374 549 1884
444 1882 1976
670 848 319
99 1968 1595
1572 68 1139
991 1790 1269
460 513 301
812 435 1678
1575 618 1891
48 991 1341
705 485 1644
1814 565 1501
298 1683 1876
370 924 499
1051 865 678
1023 261 765
1117 1468 771
919 856 298
1727 666 301
1888 970 1814
398 1245 360
850 457 1606
1810 429 1914
420 883 1033
1266 388 632
1464 1502 1381
585 703 1074
1653 595 228
388 1955 1803
1866 1169 1148
371 1138 634
312 1863 1321
1101 556 686
87 1118 742
1763 649 1933
667 954 1147
213 1595 1708
76 1267 730
482 509 1803
494 572 507
698 1956 1145
444 1225 779
101 32 741
303 926 529
559 590 271
1849 913 789
1563 401 1542
1514 1506 45
711 1376 285
106 259 1398
394 160 1124
415 97 1823
258 874 877
396 707 106
795 388 1144
1141 140 389
839 278 373
752 1397 683
771 586 1530
1584 1448 869
1939 2000 1616
1522 243 713
707 1632 849
1454 1972 491
209 1459 926
727 1869 965
1555 1906 1290
1207 1356 1397
1323 342 1050
634 785 1427
1786 612 823
869 259 412
800 805 986
503 363 609
1922 1041 1402
1937 13 1348
919 1092 1149
1160 1406 1426
91 1331 1282
1888 796 1639
1411 1985 1648
655 372 1503
1100 1762 1718
1965 540 1502
423 1816 1410
54 3 432
1585 1090 1808
1944 1536 1265
812 1628 985
755 96 886
449 1239 1756
415 1742 1057
609 20 1828
862 249 780
1343 732 752
251 1097 499
979 1139 307
1991 302 414
1781 452 1470
286 1278 143
541 1356 436
658 800 1962
380 1375 585
538 114 1657
593 374 672
1031 253 1254
399 624 101
37 601 367
1192 1547 165
1303 282 1953
1809 1934 723
1482 90 243
1704 870 1941
1136 66 1806
1612 1673 827
1955 626 1211
1156 1389 1647
868 1615 414
796 1727 1066
86 182 1830
1256 189 717
838 999 1916
1499 223 734
1468 1630 144
916 1029 1662
790 425 1742
447 348 720
1081 383 490
105 404 1750
1390 1992 169
545 1318 1346
167 1271 1539
1986 1926 1203
1182 1096 629
255 1397 1721
341 814 1547
278 28 1904
724 1687 1987
1365 1398 1869
1616 219 345
604 1164 880
16 1373 844
807 218 1327
18 181 58
1869 537 1459
1700 1623 1275
835 829 1915
1958 1900 428
592 1922 1341
1089 1537 44
1493 147 1022
1828 1095 219
802 944 1497
1027 1218 86
1403 1673 777
685 1712 1067
1254 1355 1943
643 1501 151
1866 1210 535
398 1501 183
1916 686 1694
1253 1925 622
1248 112 1276
44 1104 1624
116 1724 286
1203 1713 1118
1084 1470 1808
1966 1105 585
1381 66 373
630 561 1088
715 1946 1994
621 843 1466
249 159 149
1766 1071 1497
693 704 1968
683 1461 1715
444 416 1715
1924 1962 1726
200 1668 1773
1249 818 219
1813 1359 1380
469 1087 1476
724 247 1188
1517 283 72
340 1502 1236
625 1274 1948
7 1389 918
1243 1339 185
957 640 1095
1260 1532 254
665 238 1391
1971 28 498
1460 185 1492
100 492 1941
890 107 1414
498 224 791
1562 1126 222
1995 947 1579
1754 1202 1524
413 99 1547
1687 479 213
918 483 1685
714 357 20
1458 128 731
1401 827 893
1766 25 545
755 103 620
288 385 422
1756 1636 669
199 1411 1214
1508 136 1916
1562 1355 303
234 1116 411
263 1075 93
1984 882 949
41 425 1302
1781 703 294
1896 21 902
455 980 1979
15 8 674
1699 1067 69
985 525 765
1587 1630 1119
111 1603 323
43 188 943
497 1189 373
838 1614 934
1348 832 551
1596 1660 1610
30 118 325
1906 1322 190
1225 1739 410
469 1882 1240
107 630 1914
154 686 51
393 1250 1795
1202 9 1935
727 673 1708
1496 1943 973
650 1009 1820
1621 1484 728
1573 1706 645
158 1376 1645
491 1935 753
983 225 987
463 1332 1902
753 956 327
1596 729 252
62 11 1481
1153 28 892
1491 1253 1810
1726 270 1135
863 131 1722
1667 1050 1018
1665 1012 1726
908 1163 51
1524 1216 600
1670 456 712
221 1681 38
569 808 1536
1666 1093 1883
50 1107 595
1324 445 71
1259 34 957
1093 892 23
605 1888 758
498 29 447
920 298 1130
974 1090 1860
864 480 1473
1869 409 1818
1663 223 1819
1183 178 1821
678 455 1465
847 804 825
1626 664 1992
292 1493 955
1030 250 1376
1425 494 292
162 772 1538
1140 889 355
1363 968 1637
1461 520 514
1106 1286 1751
1704 641 973
353 1466 46
1306 1127 1558
1296 1547 1881
796 1485 694
5
1905 1947 3 182 252 
1000
1195 606 1060 839 557 1180 297 783 730 1557 43 841 1537 1280 95 544 307 533 380 591 636 882 1517 1578 1174 1018 979 204 682 1824 233 576 633 1141 1532 387 362 398 954 810 36 122 538 1744 1534 307 397 787 36 674 435 1408 1805 808 1953 1627 332 570 1809 532 1732 1708 1147 679 943 146 1331 962 48 771 1427 1388 615 687 1706 1540 1366 1522 1045 503 1058 121 717 39 1132 389 1345 440 1536 1902 1989 892 141 233 1835 1442 1766 1357 834 1787 1529 610 364 301 1006 1531 132 811 706 1798 1919 1317 997 1890 834 619 704 1712 1461 136 1691 1421 647 861 446 591 146 1371 1014 1837 111 69 907 708 957 1702 480 1495 255 127 1114 647 1444 915 516 788 91 198 1570 434 149 131 1205 863 1837 461 1231 612 310 569 1031 139 933 1002 1103 192 1407 1805 580 1674 211 966 38 220 1819 1050 713 647 719 1039 1290 691 1034 673 1990 1454 545 166 504 771 1570 740 1969 1838 1225 1457 1389 367 297 1659 1587 1421 1833 26 1277 1310 92 1843 1722 788 1110 1390 384 1722 588 378 1925 1439 1915 1663 1856 178 1707 420 1644 303 613 1522 1693 408 1219 1145 1749 1416 1880 1522 1449 1652 1088 1476 880 1859 584 1947 188 1408 289 1926 396 861 321 1391 768 1657 1355 673 447 1157 880 501 294 1204 310 509 1586 290 1272 581 128 551 942 503 1794 1995 158 622 1157 1804 467 829 289 13 765 1936 1073 834 921 3 1203 1049 1507 914 1362 1211 1785 65 1586 772 1393 13 939 1790 1102 770 810 1589 1775 1775 868 839 457 199 1229 1754 710 1865 1721 1810 126 1906 1008 419 901 1729 1879 1828 404 956 1740 1541 1020 1681 1394 258 793 1727 238 360 1540 982 1553 1384 443 1980 808 890 1781 1266 784 1795 464 1014 926 1962 398 362 1486 1096 1008 1157 1545 606 625 57 893 251 86 421 1432 1517 787 1035 1492 648 1618 948 890 1093 1297 835 224 173 1049 24 292 167 262 982 942 462 1444 246 1697 230 374 1901 1651 704 829 732 942 524 1943 711 389 14 789 1480 74 1221 738 1556 815 1432 1 1998 412 1009 918 203 129 1246 1640 630 700 934 597 885 77 730 1414 604 1592 1404 965 1696 299 1043 541 1246 465 223 816 861 1990 1771 750 1298 92 1025 1253 322 1741 1714 836 317 1490 1797 549 665 1859 544 1082 1581 1408 437 1671 1663 864 1167 464 1056 599 1773 1332 1862 301 494 42 650 1645 238 1083 1620 668 464 817 611 43 620 414 881 109 1307 848 807 1453 1697 1572 1501 378 457 536 1012 1588 103 85 424 1884 314 1933 80 583 1 1617 359 1844 1808 1910 416 766 531 73 1318 1059 1282 273 258 758 741 1108 1312 258 394 972 1588 1744 469 1803 89 299 583 253 1978 1458 386 1294 1717 1629 395 1292 1772 1108 913 333 510 1293 1678 228 1206 1092 1692 1184 882 271 633 1605 1319 115 1614 1375 850 1153 828 916 338 789 1256 1178 852 1969 585 378 1247 21 1407 163 1746 1746 342 433 59 495 155 95 1514 539 399 506 340 1252 74 1848 220 1480 1218 1146 447 601 1499 798 142 1926 1841 200 1010 1657 1444 993 1691 475 1459 80 1289 974 301 1065 655 1068 931 1827 853 1676 178 735 621 1894 1024 1941 1960 119 1029 1377 1946 454 1036 1566 827 1671 713 881 527 960 461 1978 201 1275 1784 1782 507 988 1502 569 193 1715 1742 1706 1695 131 1231 1615 599 1140 1547 763 768 855 449 1829 531 1225 693 1115 888 1961 1115 246 465 1644 820 1327 949 545 1864 1971 1456 1361 1909 899 1064 585 1926 559 915 1131 1480 804 1400 786 1001 1652 1555 981 1889 1909 1853 1661 1830 1244 283 1066 1882 475 1381 1571 1640 1353 1642 1645 1776 1073 34 1695 142 1710 596 1827 1346 1205 778 1790 251 1779 161 1572 1061 105 1717 598 1189 1717 1757 29 930 931 1347 1788 1095 115 279 1569 534 221 1892 1324 1247 1779 1090 1699 1617 901 1358 533 704 1963 983 1597 760 542 762 426 1185 1416 753 525 19 94 375 1570 1900 1898 799 1635 1328 1726 373 1689 1552 1558 981 1492 862 989 1740 1261 1200 1571 412 234 1027 1453 947 1922 1681 637 1037 1746 1926 1524 1977 1343 1600 725 1930 1852 629 668 1199 1358 1242 1151 453 1150 1601 1492 812 415 754 211 743 1554 1229 765 216 214 1950 525 443 1155 1218 941 113 185 1450 1629 464 964 398 288 1001 787 1444 439 219 121 913 898 1606 947 1790 1571 338 1436 991 1798 193 318 1904 1231 866 953 720 1298 1655 1529 275 184 1562 914 1155 1825 699 1551 391 149 1357 125 902 319 1906 769 141 188 1156 1729 656 336 486 1601 1630 1755 1802 76 1816 938 532 1462 611 48 1982 1456 1675 839 589 812 1722 17 1316 1313 698 1332 1944 609 1975 70 453 1017 665 1860 687 552 1088 873 346 964 1377 1902 814 890 1633 189 1013 1540 991 1658 1719 1616 1718 1860 73 1646 450 1672 1169 1082 1172 1607 1853 1387 945 1241 532 779 880 674 1660 793 1299 388 1022 603 1621 117 1848 1623 1926 3 1121 900 835 805 1970 284 569 1539 1475 1157 1018 201 580 