360 720 50
42 68 35 1 70 25 79 59 63 65 6 46 82 28 62 92 96 43 28 37 92 5 3 54 93 83 22 17 19 96 48 27 72 39 70 13 68 100 36 95 4 12 23 34 74 65 42 12 54 69 48 45 63 58 38 60 24 42 30 79 17 36 91 43 89 7 41 43 65 49 47 6 91 30 71 51 7 2 94 49 30 24 85 55 57 41 67 77 32 9 45 40 27 24 38 39 19 83 30 42 34 16 40 59 5 31 78 7 74 87 22 46 25 73 71 30 78 74 98 13 87 91 62 37 56 68 56 75 32 53 51 51 42 25 67 31 8 92 8 38 58 88 54 84 46 10 10 59 22 89 23 47 7 31 14 69 1 92 63 56 11 60 25 38 49 84 96 42 3 51 92 37 75 21 97 22 49 100 69 85 82 35 54 100 19 39 1 89 28 68 29 94 49 84 8 22 11 18 14 15 10 17 36 52 1 50 20 57 99 4 25 9 45 10 90 3 96 86 94 44 24 88 15 4 49 1 59 19 81 97 99 82 90 99 10 58 73 23 39 93 39 80 91 58 59 92 16 89 57 12 3 35 73 56 29 47 63 87 76 34 70 43 45 17 82 99 23 52 22 100 58 77 93 90 76 13 1 11 4 70 62 89 2 90 56 24 3 86 83 86 89 27 18 58 33 33 70 55 22 90 77 30 69 93 26 56 35 50 42 13 46 61 19 54 40 24 80 97 88 30 50 38 67 50 94 96 98 17 87 6 89 83 56 35 15 2 17 72 87 64 14 56 86 54 13 9 33 46 14 57 22 59 47 83 82 45 97 23 30 62 
1 2 136
2 3 291
3 4 14
4 5 27
5 6 165
6 7 60
7 8 13
8 9 160
9 10 334
10 11 225
11 12 235
12 13 351
13 14 66
14 15 130
15 16 227
16 17 34
17 18 155
18 19 303
19 20 9
20 21 339
21 22 68
22 23 186
23 24 319
24 25 192
25 26 123
26 27 26
27 28 198
28 29 95
29 30 315
30 31 265
31 32 175
32 33 315
33 34 253
34 35 360
35 36 314
36 37 351
37 38 288
38 39 218
39 40 319
40 41 258
41 42 134
42 43 231
43 44 324
44 45 149
45 46 273
46 47 306
47 48 223
48 49 201
49 50 54
50 51 68
51 52 123
52 53 140
53 54 288
54 55 106
55 56 104
56 57 125
57 58 224
58 59 93
59 60 102
60 61 142
61 62 44
62 63 73
63 64 226
64 65 234
65 66 46
66 67 72
67 68 213
68 69 143
69 70 303
70 71 327
71 72 105
72 73 341
73 74 108
74 75 81
75 76 94
76 77 15
77 78 231
78 79 11
79 80 236
80 81 234
81 82 272
82 83 201
83 84 177
84 85 348
85 86 86
86 87 311
87 88 141
88 89 15
89 90 176
90 91 25
91 92 300
92 93 326
93 94 297
94 95 95
95 96 339
96 97 23
97 98 92
98 99 147
99 100 359
100 101 274
101 102 92
102 103 285
103 104 299
104 105 25
105 106 240
106 107 113
107 108 281
108 109 88
109 110 101
110 111 127
111 112 11
112 113 78
113 114 131
114 115 156
115 116 217
116 117 348
117 118 164
118 119 79
119 120 325
120 121 70
121 122 323
122 123 167
123 124 46
124 125 248
125 126 58
126 127 75
127 128 106
128 129 68
129 130 230
130 131 249
131 132 224
132 133 81
133 134 63
134 135 203
135 136 124
136 137 117
137 138 138
138 139 302
139 140 116
140 141 126
141 142 185
142 143 341
143 144 83
144 145 197
145 146 351
146 147 167
147 148 212
148 149 172
149 150 292
150 151 348
151 152 274
152 153 281
153 154 271
154 155 165
155 156 309
156 157 164
157 158 261
158 159 332
159 160 303
160 161 150
161 162 301
162 163 74
163 164 239
164 165 299
165 166 86
166 167 48
167 168 318
168 169 121
169 170 139
170 171 320
171 172 144
172 173 161
173 174 278
174 175 165
175 176 358
176 177 69
177 178 234
178 179 128
179 180 2
180 181 171
181 182 61
182 183 109
183 184 34
184 185 25
185 186 326
186 187 61
187 188 152
188 189 265
189 190 236
190 191 317
191 192 313
192 193 191
193 194 104
194 195 86
195 196 37
196 197 177
197 198 187
198 199 358
199 200 247
200 201 38
201 202 178
202 203 232
203 204 110
204 205 202
205 206 297
206 207 63
207 208 98
208 209 33
209 210 118
210 211 337
211 212 66
212 213 282
213 214 304
214 215 10
215 216 110
216 217 246
217 218 80
218 219 293
219 220 337
220 221 336
221 222 174
222 223 43
223 224 345
224 225 215
225 226 175
226 227 53
227 228 218
228 229 330
229 230 213
230 231 84
231 232 88
232 233 324
233 234 192
234 235 116
235 236 348
236 237 169
237 238 356
238 239 339
239 240 64
240 241 183
241 242 355
242 243 32
243 244 62
244 245 16
245 246 220
246 247 186
247 248 342
248 249 231
249 250 187
250 251 255
251 252 86
252 253 104
253 254 91
254 255 119
255 256 320
256 257 22
257 258 314
258 259 135
259 260 198
260 261 255
261 262 157
262 263 194
263 264 97
264 265 146
265 266 123
266 267 109
267 268 42
268 269 301
269 270 14
270 271 82
271 272 56
272 273 16
273 274 183
274 275 303
275 276 252
276 277 278
277 278 265
278 279 279
279 280 313
280 281 84
281 282 217
282 283 74
283 284 321
284 285 314
285 286 156
286 287 273
287 288 219
288 289 251
289 290 298
290 291 173
291 292 33
292 293 96
293 294 210
294 295 72
295 296 241
296 297 209
297 298 246
298 299 11
299 300 58
300 301 70
301 302 71
302 303 26
303 304 274
304 305 235
305 306 292
306 307 101
307 308 85
308 309 99
309 310 336
310 311 120
311 312 33
312 313 46
313 314 65
314 315 302
315 316 64
316 317 230
317 318 16
318 319 89
319 320 133
320 321 238
321 322 270
322 323 37
323 324 2
324 325 308
325 326 348
326 327 22
327 328 210
328 329 281
329 330 94
330 331 15
331 332 82
332 333 318
333 334 56
334 335 44
335 336 294
336 337 233
337 338 265
338 339 202
339 340 353
340 341 280
341 342 151
342 343 149
343 344 308
344 345 125
345 346 356
346 347 67
347 348 19
348 349 131
349 350 168
350 351 88
351 352 205
352 353 144
353 354 342
354 355 344
355 356 307
356 357 204
357 358 11
358 359 212
359 360 130
240 285 343
60 34 32
224 139 233
31 6 296
100 304 263
218 88 265
328 92 225
233 276 306
272 267 319
329 143 240
305 210 105
345 181 206
308 239 151
241 244 253
352 153 248
130 244 22
183 24 288
81 330 336
165 29 304
147 289 64
38 90 184
10 2 149
182 249 21
341 319 75
9 107 331
30 244 191
61 29 68
216 264 36
186 66 199
133 70 65
268 124 120
217 287 265
195 279 327
211 146 196
42 230 137
224 156 325
302 156 274
302 237 349
232 267 207
253 310 5
225 107 293
295 214 6
196 337 342
214 235 337
172 177 239
322 276 136
52 231 202
225 212 238
226 251 211
262 35 94
273 177 133
328 63 274
55 104 75
24 217 149
324 78 254
109 269 41
200 79 299
290 36 42
144 24 77
123 270 143
321 50 109
202 334 75
61 3 84
231 290 279
100 289 300
211 124 346
62 225 153
285 114 219
189 123 179
317 291 142
114 269 242
359 14 76
70 98 70
59 301 292
344 358 16
76 256 331
159 333 129
3 155 246
190 5 295
100 296 32
62 116 240
190 339 34
69 218 133
77 250 194
288 342 311
283 124 29
344 299 1
32 86 15
351 174 188
233 256 129
305 317 150
210 79 70
14 7 201
37 10 28
89 40 305
261 126 187
336 317 7
226 288 322
164 261 287
261 143 322
304 150 256
262 354 205
181 346 83
343 172 127
29 319 203
227 188 82
292 257 351
354 170 125
156 51 54
116 353 335
145 309 249
291 33 92
234 240 39
242 185 156
332 70 280
238 144 199
67 20 99
47 317 263
353 279 143
67 33 78
325 208 299
122 208 139
110 133 201
79 280 353
288 203 181
235 256 123
207 17 38
99 98 269
171 177 111
129 6 299
229 41 141
41 28 323
215 156 73
42 75 199
106 75 307
308 130 359
303 316 36
2 116 136
9 275 331
185 105 118
162 122 285
309 190 331
243 271 294
245 111 298
136 338 199
153 77 115
85 272 150
56 346 18
284 138 104
224 251 49
328 202 246
152 14 213
274 157 67
316 13 130
240 15 100
223 212 142
129 140 166
205 26 17
130 176 90
264 167 334
234 190 61
255 214 110
201 213 329
358 112 349
346 71 343
174 140 311
152 223 192
16 5 155
284 143 176
140 115 133
181 203 348
337 70 46
315 235 31
143 35 322
292 153 40
108 153 43
207 289 96
108 304 240
154 165 327
359 239 186
166 247 341
207 53 188
93 317 15
207 342 284
302 172 217
143 309 124
342 59 17
220 152 143
97 51 286
5 7 238
129 124 335
197 349 109
32 157 224
268 168 267
32 258 333
343 228 249
145 149 346
358 118 164
74 182 211
288 312 251
70 33 15
30 322 106
107 74 354
274 273 93
150 62 3
137 198 211
342 325 302
31 184 78
103 140 36
10 168 163
350 103 259
7 128 231
128 252 99
14 141 224
47 223 331
152 289 75
82 199 264
107 26 139
82 258 71
174 239 19
141 144 357
287 119 50
355 246 36
27 307 274
81 11 129
288 333 194
81 287 296
11 80 318
292 303 129
192 210 285
194 129 253
127 153 176
9 25 258
203 290 56
201 190 261
13 49 164
52 355 194
12 201 55
270 138 240
140 259 332
144 101 168
179 206 204
138 293 74
172 172 121
354 41 178
265 170 221
86 352 73
250 230 339
339 12 278
74 34 181
257 147 317
350 103 259
359 259 210
159 210 325
73 301 9
247 129 358
143 251 208
156 195 43
12 300 322
256 291 204
123 37 133
252 222 275
333 343 317
340 96 105
80 337 1
198 33 348
184 41 278
87 31 242
162 50 284
79 226 102
175 97 197
198 99 260
218 218 151
327 330 322
115 159 197
34 20 265
86 214 289
53 84 50
314 89 16
32 214 283
268 252 187
344 247 258
237 230 37
114 312 350
232 227 94
92 96 310
217 121 133
236 272 128
266 83 36
143 115 301
257 186 66
353 262 339
198 319 101
291 268 286
170 96 170
270 30 94
185 255 3
8 73 257
167 83 203
130 2 32
28 226 360
201 59 32
8 89 287
316 200 310
182 307 207
215 229 95
180 94 258
29 264 62
111 283 216
157 147 113
341 17 2
101 336 108
124 319 136
216 335 340
158 195 254
83 196 204
89 234 273
68 241 127
118 331 42
121 160 336
84 317 134
241 206 354
194 111 234
101 328 180
110 284 186
332 10 262
312 157 62
327 251 112
165 333 153
30 321 126
311 299 134
286 299 29
47 172 167
156 138 61
294 50 29
229 345 90
178 18 56
67 85 169
266 9 218
39 271 80
265 87 120
180 191 272
333 56 326
318 341 252
68 108 125
146 108 41
187 355 152
312 32 189
14 86 338
351 325 78
47 209 223
333 321 183
257 159 149
155 330 328
301 134 25
187 322 334
297 142 203
287 186 314
144 325 16
205 342 5
181 193 187
5
295 296 347 44 101 
180
57 104 274 81 241 109 172 34 89 12 217 200 329 121 212 334 20 144 20 14 217 296 246 355 161 196 121 337 96 326 112 329 240 157 203 193 346 1 176 323 206 3 201 37 358 243 69 1 301 197 59 174 181 267 315 294 18 241 296 273 1 348 276 147 182 189 242 249 236 317 26 290 53 137 296 43 204 23 22 283 33 249 99 9 318 355 11 331 96 160 290 296 264 321 20 80 306 312 302 42 53 114 274 350 148 203 334 284 261 335 319 5 104 30 133 145 90 231 246 168 155 248 207 37 84 61 120 231 189 231 112 306 62 31 24 190 196 299 300 327 303 336 88 197 234 289 336 340 154 31 123 246 202 26 288 88 150 255 272 18 39 306 278 179 199 85 173 284 149 105 2 324 171 45 282 108 38 293 332 204 