350 700 50
42 68 15 21 50 45 39 79 3 65 26 66 2 28 42 12 36 23 28 77 72 45 63 74 53 63 62 77 39 56 8 47 52 19 30 73 68 60 76 55 64 52 43 14 74 25 22 32 14 69 28 45 23 38 38 60 4 62 10 59 77 76 31 3 49 27 1 63 65 9 7 46 51 10 51 71 47 62 74 29 30 64 5 35 37 1 7 17 12 69 65 40 67 44 18 19 39 3 50 62 34 76 80 59 65 11 58 67 74 67 62 26 45 33 31 70 58 54 58 33 67 11 42 77 36 48 56 55 32 53 71 31 62 45 47 71 68 32 8 58 18 48 74 64 66 30 50 79 62 29 23 67 67 71 14 49 21 32 43 56 51 40 25 58 29 4 76 42 3 31 52 37 15 61 37 22 69 80 69 5 42 15 54 80 19 19 21 29 48 68 49 14 9 4 48 22 71 58 14 75 70 17 56 12 41 50 40 37 79 64 65 49 5 50 30 63 76 6 54 24 44 68 35 64 9 1 19 59 21 37 79 2 70 79 10 38 73 23 59 53 39 20 31 58 39 32 56 9 37 72 43 75 33 56 9 7 43 7 76 34 30 63 5 57 42 79 3 12 22 20 38 77 53 70 36 73 41 31 44 70 22 49 42 30 56 24 43 26 23 46 49 67 58 78 73 53 10 75 42 70 57 50 49 53 66 76 75 70 2 73 66 61 39 74 60 24 40 77 48 50 70 78 27 70 34 76 18 17 47 26 9 43 56 55 35 22 37 32 27 24 74 36 66 54 33 9 73 66 74 77 
1 2 322
2 3 309
3 4 197
4 5 333
5 6 132
6 7 295
7 8 97
8 9 273
9 10 130
10 11 62
11 12 286
12 13 151
13 14 324
14 15 317
15 16 145
16 17 310
17 18 43
18 19 190
19 20 104
20 21 75
21 22 255
22 23 111
23 24 196
24 25 350
25 26 237
26 27 264
27 28 275
28 29 23
29 30 69
30 31 19
31 32 238
32 33 106
33 34 109
34 35 42
35 36 53
36 37 126
37 38 228
38 39 215
39 40 215
40 41 275
41 42 285
42 43 325
43 44 223
44 45 210
45 46 284
46 47 71
47 48 138
48 49 298
49 50 169
50 51 128
51 52 274
52 53 71
53 54 14
54 55 219
55 56 43
56 57 336
57 58 303
58 59 81
59 60 164
60 61 278
61 62 253
62 63 250
63 64 78
64 65 176
65 66 144
66 67 175
67 68 174
68 69 223
69 70 112
70 71 182
71 72 204
72 73 133
73 74 6
74 75 294
75 76 326
76 77 82
77 78 93
78 79 143
79 80 73
80 81 137
81 82 115
82 83 201
83 84 288
84 85 311
85 86 14
86 87 175
87 88 271
88 89 121
89 90 236
90 91 34
91 92 112
92 93 211
93 94 347
94 95 118
95 96 286
96 97 301
97 98 141
98 99 45
99 100 246
100 101 275
101 102 20
102 103 26
103 104 327
104 105 345
105 106 259
106 107 53
107 108 222
108 109 67
109 110 129
110 111 194
111 112 52
112 113 285
113 114 319
114 115 115
115 116 120
116 117 53
117 118 1
118 119 238
119 120 261
120 121 177
121 122 261
122 123 208
123 124 321
124 125 16
125 126 127
126 127 128
127 128 144
128 129 9
129 130 165
130 131 210
131 132 183
132 133 287
133 134 166
134 135 338
135 136 178
136 137 125
137 138 176
138 139 78
139 140 30
140 141 79
141 142 224
142 143 171
143 144 253
144 145 263
145 146 124
146 147 97
147 148 238
148 149 312
149 150 46
150 151 326
151 152 215
152 153 211
153 154 253
154 155 67
155 156 131
156 157 27
157 158 312
158 159 322
159 160 112
160 161 348
161 162 154
162 163 171
163 164 41
164 165 225
165 166 89
166 167 64
167 168 41
168 169 202
169 170 113
170 171 180
171 172 101
172 173 214
173 174 59
174 175 79
175 176 316
176 177 58
177 178 278
178 179 151
179 180 159
180 181 140
181 182 204
182 183 161
183 184 108
184 185 225
185 186 178
186 187 209
187 188 114
188 189 188
189 190 202
190 191 101
191 192 111
192 193 29
193 194 44
194 195 85
195 196 156
196 197 241
197 198 312
198 199 5
199 200 236
200 201 157
201 202 123
202 203 301
203 204 274
204 205 136
205 206 257
206 207 117
207 208 227
208 209 258
209 210 127
210 211 58
211 212 288
212 213 172
213 214 70
214 215 312
215 216 297
216 217 73
217 218 218
218 219 313
219 220 118
220 221 147
221 222 36
222 223 242
223 224 274
224 225 330
225 226 80
226 227 16
227 228 260
228 229 183
229 230 247
230 231 106
231 232 154
232 233 163
233 234 85
234 235 335
235 236 5
236 237 173
237 238 108
238 239 20
239 240 133
240 241 164
241 242 158
242 243 34
243 244 212
244 245 86
245 246 268
246 247 99
247 248 126
248 249 339
249 250 124
250 251 93
251 252 305
252 253 212
253 254 342
254 255 226
255 256 110
256 257 326
257 258 72
258 259 21
259 260 227
260 261 85
261 262 156
262 263 284
263 264 51
264 265 249
265 266 230
266 267 302
267 268 294
268 269 135
269 270 238
270 271 285
271 272 307
272 273 244
273 274 27
274 275 156
275 276 313
276 277 49
277 278 132
278 279 301
279 280 64
280 281 192
281 282 256
282 283 6
283 284 193
284 285 263
285 286 312
286 287 78
287 288 125
288 289 129
289 290 3
290 291 244
291 292 297
292 293 74
293 294 241
294 295 214
295 296 176
296 297 123
297 298 219
298 299 261
299 300 318
300 301 233
301 302 113
302 303 246
303 304 220
304 305 32
305 306 91
306 307 239
307 308 336
308 309 191
309 310 248
310 311 140
311 312 91
312 313 96
313 314 104
314 315 65
315 316 102
316 317 141
317 318 345
318 319 59
319 320 336
320 321 10
321 322 343
322 323 256
323 324 65
324 325 282
325 326 154
326 327 330
327 328 326
328 329 309
329 330 243
330 331 48
331 332 50
332 333 157
333 334 12
334 335 128
335 336 168
336 337 142
337 338 230
338 339 91
339 340 164
340 341 125
341 342 302
342 343 128
343 344 266
344 345 284
345 346 164
346 347 193
347 348 275
348 349 2
349 350 293
10 221 179
28 235 276
236 99 121
337 48 55
153 222 264
106 264 261
121 190 41
264 343 270
263 242 55
318 133 51
6 76 140
303 223 99
48 285 349
171 15 164
225 196 13
47 129 20
212 120 336
289 195 66
340 146 309
318 221 152
323 133 323
202 238 221
14 152 304
74 28 51
20 16 316
29 194 148
338 144 38
10 214 150
131 189 143
258 211 222
9 205 239
146 341 250
243 81 71
49 118 337
133 186 27
135 39 54
80 25 349
323 210 58
266 45 256
218 177 212
26 56 202
149 47 35
66 115 243
26 64 43
47 249 223
126 257 274
279 205 56
326 63 126
343 116 287
37 92 15
45 207 3
136 39 183
305 16 82
31 342 276
261 88 337
91 251 63
284 44 204
67 153 9
262 184 205
203 185 54
256 149 275
68 14 160
228 151 81
318 59 251
6 212 215
4 177 244
309 203 62
139 99 233
4 225 121
152 274 332
119 29 310
108 220 172
253 246 332
254 143 136
113 49 340
122 339 138
110 312 285
258 162 110
193 116 70
88 170 59
1 322 15
68 116 56
115 131 240
112 239 83
204 336 61
334 275 331
66 52 242
265 280 311
348 324 89
177 283 207
339 214 209
341 41 324
14 29 335
278 201 172
135 275 22
133 118 254
295 319 176
226 230 301
148 160 144
136 331 317
349 68 129
80 165 22
6 77 167
166 77 317
38 32 15
290 87 72
112 22 115
259 116 53
123 325 142
195 263 74
231 257 19
218 3 58
157 32 313
136 31 315
209 235 107
41 294 247
102 5 146
9 249 142
63 232 15
339 259 223
304 346 3
70 130 39
173 269 17
159 299 137
196 113 34
258 123 97
192 88 76
147 59 303
8 249 181
242 251 279
149 153 149
232 191 316
26 13 118
286 198 269
297 279 202
216 81 250
125 309 230
21 91 161
98 313 256
26 93 312
254 299 47
314 347 189
319 239 14
26 16 322
125 216 229
284 321 206
15 308 263
161 75 300
319 331 74
1 334 176
61 138 237
137 229 144
286 265 165
92 350 236
56 38 205
237 174 315
170 59 119
32 86 53
173 303 145
77 27 47
222 300 291
124 270 244
62 192 340
20 316 306
235 117 301
215 160 215
67 94 325
209 201 96
123 190 212
23 119 59
131 19 177
160 273 325
30 111 103
332 192 96
164 175 315
202 256 261
124 323 222
222 348 228
339 56 96
294 251 244
55 32 313
122 340 129
313 313 18
258 216 159
74 210 185
304 87 120
258 346 207
116 151 168
192 88 183
106 175 298
121 84 323
281 277 234
348 124 133
318 77 121
311 333 57
240 176 125
186 78 220
94 185 278
269 269 292
346 84 29
28 27 122
197 113 154
177 209 296
59 186 139
88 194 314
101 101 279
12 201 150
342 55 120
331 166 318
213 194 85
272 323 81
52 93 278
227 221 3
15 332 141
74 138 324
329 146 220
227 143 161
182 209 227
38 271 329
52 159 214
61 234 287
292 211 273
128 235 242
69 4 168
16 89 132
157 1 265
49 109 212
163 207 158
328 240 186
66 226 237
336 134 311
31 149 179
93 184 41
116 336 211
50 288 193
132 329 303
169 95 95
308 153 98
282 86 209
114 348 144
349 316 242
189 1 213
198 74 252
324 284 142
250 255 191
147 20 281
178 332 345
190 188 200
125 84 289
142 244 253
161 161 85
91 348 336
329 41 256
92 93 261
249 229 30
171 178 74
243 221 148
176 127 191
282 279 310
118 240 160
299 325 323
230 59 318
59 178 304
320 58 197
174 73 12
119 62 207
290 14 234
67 333 253
291 55 164
63 247 61
315 55 150
186 131 99
83 38 35
240 18 207
270 242 333
50 24 259
205 222 296
296 117 279
29 280 209
277 151 8
279 282 196
228 177 104
249 235 166
293 309 223
44 180 165
19 156 342
24 173 99
52 137 45
346 78 268
279 167 275
42 70 163
97 244 342
16 350 258
340 153 237
151 38 77
162 156 84
344 81 348
265 116 64
161 329 79
79 141 62
98 346 171
225 190 251
199 184 216
164 133 58
132 147 268
172 333 311
141 232 88
56 180 22
238 202 198
59 197 227
209 90 323
17 87 306
278 215 311
203 228 199
253 12 32
33 206 198
57 3 72
146 32 122
305 198 175
118 36 177
25 110 149
174 154 273
135 244 189
103 283 198
330 327 129
150 102 112
199 206 114
116 74 62
145 174 275
150 204 132
88 250 261
94 316 173
80 182 13
176 182 198
290 222 56
172 283 140
220 66 32
208 94 57
328 149 107
221 317 247
247 221 245
129 89 10
134 70 279
267 166 177
184 69 57
29 198 119
240 150 236
136 300 171
61 72 64
115 136 319
81 282 268
5
338 114 120 253 345 
175
338 145 87 158 161 328 75 182 153 172 119 144 286 338 162 105 78 57 69 323 164 101 193 38 289 39 6 340 148 32 144 135 138 262 194 168 52 333 48 266 254 55 35 196 226 122 115 82 323 57 157 194 194 131 331 169 62 64 319 102 267 180 69 241 32 334 330 14 10 54 287 346 216 325 21 236 131 227 256 126 222 309 260 57 3 333 206 291 26 213 136 263 81 87 298 53 9 281 91 177 309 344 41 147 175 274 198 131 236 223 301 8 206 17 292 139 232 19 316 147 126 310 313 287 256 213 194 43 22 73 13 149 119 69 268 265 151 341 186 160 20 196 54 241 280 50 56 292 112 282 153 4 234 180 238 43 4 134 221 65 169 345 264 230 3 315 220 21 306 48 195 138 177 127 324 